date,open,high,low,close,volume,adjusted_close,currency
2020-01-02,42.22695904977683,42.56457697448855,42.04580028075172,42.506935119628906,4416800,42.506935119628906,USD
2020-01-03,41.9881586250291,42.12814508999631,41.66700710768659,42.07050323486328,5162300,42.07050323486328,USD
2020-01-06,41.69171654017988,42.02109814870226,41.43644320204727,41.955223083496094,3271700,41.955223083496094,USD
2020-01-07,42.004628394386025,42.50693872179785,41.78229730179808,42.235198974609375,6578000,42.235198974609375,USD
2020-01-08,42.38340978558162,43.28921287449695,42.3587038946602,42.67985534667969,9880500,42.67985534667969,USD
2020-01-09,42.96808237342231,43.42098410560173,42.9269100598144,43.12453842163086,5793900,43.12453842163086,USD
2020-01-10,43.14922537602771,43.31391455814458,42.94336075713682,43.20686721801758,5526900,43.20686721801758,USD
2020-01-13,43.330398425941226,43.44568214802393,43.091597776446704,43.297462463378906,6924900,43.297462463378906,USD
2020-01-14,43.14923945361344,43.289225932332805,42.836324251261104,42.97631072998047,6611200,42.97631072998047,USD
2020-01-15,42.836324459512944,43.07512825039663,42.613990220543215,42.69633483886719,4542400,42.69633483886719,USD
2020-01-16,43.00924941826631,43.157472242094,42.74574287396059,42.98454666137695,5389500,42.98454666137695,USD
2020-01-17,43.09982460752243,43.363331116524655,42.97630455713279,43.32215881347656,6101700,43.32215881347656,USD
2020-01-21,42.97631040906069,43.09983047626961,42.56458104002535,42.62222290039063,4656500,42.62222290039063,USD
2020-01-22,42.81985147818412,42.92690198642834,42.54810860523622,42.73750686645508,3530700,42.73750686645508,USD
2020-01-23,42.54810848863119,42.78691225973478,42.00462588547042,42.65515899658203,4264500,42.65515899658203,USD
2020-01-24,42.73749923921736,42.73749923921736,41.74934836859335,42.21871948242188,3943600,42.21871948242188,USD
2020-01-27,41.24704360961914,41.5105501244379,41.10705400667112,41.24704360961914,6494000,41.24704360961914,USD
2020-01-28,41.4611354561415,41.96344565873494,41.33761856220138,41.62582778930664,4091100,41.62582778930664,USD
2020-01-29,41.81522807420226,42.01285952683183,41.55172156485974,41.5764274597168,3877500,41.5764274597168,USD
2020-01-30,41.17293314519714,42.23519557424216,41.107054944366986,42.226959228515625,4584000,42.226959228515625,USD
2020-01-31,41.69171915244792,41.7164219107923,40.75297664040961,40.93413543701172,9443000,40.93413543701172,USD
2020-02-03,41.332927137284194,41.78987343660049,41.27477050842386,41.28307723999024,5276800,41.28307723999024,USD
2020-02-04,41.98094973983152,42.18034611118702,41.690166666289954,41.70678329467773,4774500,41.70678329467773,USD
2020-02-05,42.50437162447989,42.986244443939526,42.34651837463888,42.811771392822266,7647200,42.811771392822266,USD
2020-02-06,43.06101200568698,43.27702185422015,42.579139249985055,43.09424209594727,6538200,43.09424209594727,USD
2020-02-07,42.80345974114471,42.95300624245543,42.43790338755079,42.853309631347656,6698300,42.853309631347656,USD
2020-02-10,42.70376847236769,43.13578823098066,42.70376847236769,43.10255813598633,4513800,43.10255813598633,USD
2020-02-11,43.3601048652604,44.07460414922758,43.235484887151095,43.52626800537109,5972700,43.52626800537109,USD
2020-02-12,43.792120862412766,44.26568367707488,43.576111032809855,43.59272766113281,4999200,43.59272766113281,USD
2020-02-13,43.468105893500585,43.63426901263174,43.15239628408118,43.5179557800293,3762300,43.5179557800293,USD
2020-02-14,43.56781301120024,43.59273954512891,43.09425006743818,43.43488311767578,3469700,43.43488311767578,USD
2020-02-18,43.22717605769156,43.60935224020147,42.70376643193164,43.06101608276367,4554800,43.06101608276367,USD
2020-02-19,43.210559044852246,43.335182194246286,42.9613159153625,43.02778244018555,5528700,43.02778244018555,USD
2020-02-20,43.069326702808176,43.49303974801157,42.928086908207945,43.43488311767578,3686900,43.43488311767578,USD
2020-02-21,43.18563998807237,43.25210651952179,42.33821072788436,42.562530517578125,5308000,42.562530517578125,USD
2020-02-24,40.95074326849435,41.258142963925415,40.54364380484422,41.025516510009766,8697000,41.025516510009766,USD
2020-02-25,41.083678284096,41.13352500516913,39.28081353189488,39.530059814453125,10896800,39.530059814453125,USD
2020-02-26,39.84576570899121,40.12824207845854,38.82386674073242,38.981719970703125,9898400,38.981719970703125,USD
2020-02-27,38.03458640749272,38.17582614774416,36.38957841963667,36.464351654052734,13487100,36.464351654052734,USD
2020-02-28,34.98550969861472,35.70000884984183,34.453790284482274,35.492305755615234,13640200,35.492305755615234,USD
2020-03-02,35.66677854918406,37.03762035237509,35.4839987969458,37.02100372314453,13068400,37.02100372314453,USD
2020-03-03,36.87976967196197,37.36994921764896,35.07690790670714,35.36769104003906,11120000,35.36769104003906,USD
2020-03-04,36.05726301320905,36.53913260509072,35.24306399126405,36.414512634277344,7751100,36.414512634277344,USD
2020-03-05,34.97719468366822,35.101817789693726,33.24079694315764,33.74759292602539,11269300,33.74759292602539,USD
2020-03-06,32.21891269480256,33.46513163661451,31.845049547697904,32.551239013671875,10764500,32.551239013671875,USD
2020-03-09,29.42737967503563,30.440972023471,26.502920636258587,27.13433837890625,14632700,27.13433837890625,USD
2020-03-10,28.671338469432367,29.1033613571153,27.018023341045865,29.095054626464844,12698400,29.095054626464844,USD
2020-03-11,27.94022532621053,28.422094929275925,27.11771955484098,27.66605567932129,11010000,27.66605567932129,USD
2020-03-12,25.02407553810336,25.746881593314207,23.362450382667923,23.51199531555176,13658700,23.51199531555176,USD
2020-03-13,25.738572814202207,26.610925371247752,24.13510431451825,26.52784538269043,13500800,26.52784538269043,USD
2020-03-16,22.32393197774981,23.935707043880218,21.60112442475289,22.26577377319336,8989500,22.26577377319336,USD
2020-03-17,23.021814794396786,23.628309154817146,21.302033084789844,23.6200008392334,9725900,23.6200008392334,USD
2020-03-18,21.56788979031746,23.48706763283219,21.252181766093017,23.412294387817383,12074700,23.412294387817383,USD
2020-03-19,22.84734314156556,23.73631223934808,21.59281610981625,22.26577377319336,9083800,22.26577377319336,USD
2020-03-20,22.80580908566765,22.80580908566765,20.072434561595195,20.25521278381348,16243600,20.25521278381348,USD
2020-03-23,19.956109009856096,20.37151510122872,18.98405869265824,19.54901123046875,11715300,19.54901123046875,USD
2020-03-24,20.76200456722957,23.20459380591809,20.379831570822407,22.93873405456543,12986000,22.93873405456543,USD
2020-03-25,23.545227259992924,26.968174000989915,23.12151267894079,24.708364486694336,13540400,24.708364486694336,USD
2020-03-26,25.040687714515148,27.200802070512303,24.57543316803448,27.026329040527344,11543000,27.026329040527344,USD
2020-03-27,25.53086384012953,26.727232516215924,25.44778228590577,25.647178649902344,7336500,25.647178649902344,USD
2020-03-30,25.522557989835978,26.835241602403443,25.13207670733613,26.61092185974121,6287300,26.61092185974121,USD
2020-03-31,26.02935155287521,26.54445592079041,25.28162073496186,25.397933959960938,8939400,25.397933959960938,USD
2020-04-01,23.644928819577217,24.110185075244345,22.963662655139007,23.17967414855957,5379300,23.17967414855957,USD
2020-04-02,22.83072788417098,24.076946675900608,22.797496207075746,23.30429077148437,7140500,23.30429077148437,USD
2020-04-03,23.0882771408222,23.49537502285913,22.282388106179663,23.030118942260746,4855300,23.030118942260746,USD
2020-04-06,24.882837023880672,25.688724643668067,24.342807587429625,25.44778823852539,7687600,25.44778823852539,USD
2020-04-07,27.292195260459,27.94853803805453,26.145674459717338,26.237064361572266,7997900,26.237064361572266,USD
2020-04-08,26.561076357162168,28.01499988811608,26.212135026663063,27.807296752929688,6563400,27.807296752929688,USD
2020-04-09,28.588253274343845,30.20833801550287,28.588253274343845,29.46060562133789,10681800,29.46060562133789,USD
2020-04-13,28.9621205940254,29.4439901350446,27.95683835680273,28.51348114013672,4460900,28.51348114013672,USD
2020-04-14,29.194745858202825,29.369215693379896,27.981760571784623,28.604869842529297,6987200,28.604869842529297,USD
2020-04-15,27.06787227175864,27.44173535442092,26.43645300860373,26.976482391357425,9863800,26.976482391357425,USD
2020-04-16,26.76878209702444,26.97648524012538,25.55579491729737,25.71364974975586,7156200,25.71364974975586,USD
2020-04-17,27.051258974432585,27.89868819351237,26.81032256356413,27.466665267944336,7119100,27.466665267944336,USD
2020-04-20,26.428144810597946,27.44173547590692,26.228750003552687,27.042945861816406,5212400,27.042945861816406,USD
2020-04-21,26.029352795515106,26.669077148199285,25.82995800686237,26.137357711791992,5502600,26.137357711791992,USD
2020-04-22,26.893398839598262,27.13433521718471,26.18720950589792,26.38660430908203,6105900,26.38660430908203,USD
2020-04-23,26.652464412419704,26.951554226544125,26.24536492513976,26.50291633605957,12189800,26.50291633605957,USD
2020-04-24,26.793703186188733,27.88206870462157,26.71062320371827,27.66605567932129,8255900,27.66605567932129,USD
2020-04-27,27.90699250712985,28.795961644684027,27.8156026233872,28.59656524658203,6213900,28.59656524658203,USD
2020-04-28,29.90093687471009,30.24156980008852,29.086738009856816,29.227977752685547,7509900,29.227977752685547,USD
2020-04-29,30.69852156843603,31.346554284408672,30.39112184025645,31.138851165771484,9826900,31.138851165771484,USD
2020-04-30,30.241583072883262,30.906232588587528,29.85940682821679,29.97572326660156,6057500,29.97572326660156,USD
2020-05-01,29.07843410198529,29.30275383108777,28.571638029120187,28.81257438659668,4534900,28.81257438659668,USD
2020-05-04,28.247624519507745,28.505177531074107,27.6577484151731,28.39717102050781,5795200,28.39717102050781,USD
2020-05-05,28.80426790800719,29.244600688959583,28.43040481774133,28.47194480895996,4012600,28.47194480895996,USD
2020-05-06,28.887347438960944,29.07012718057086,27.234029373583983,27.39188575744629,6396100,27.39188575744629,USD
2020-05-07,28.167047468663952,29.89431116276776,28.167047468663952,29.01803970336914,7470800,29.01803970336914,USD
2020-05-08,29.69210084719523,29.7679321037112,28.50407997120668,29.675249099731445,8669300,29.675249099731445,USD
2020-05-11,29.110721808814745,29.27081177515084,28.35241258805287,28.622034072875977,6866700,28.622034072875977,USD
2020-05-12,28.925363558395603,29.237112846195046,27.223375661148097,27.27392768859864,7751900,27.27392768859864,USD
2020-05-13,26.96218168446962,27.08014071507637,25.774160682563377,25.92582321166992,7859000,25.92582321166992,USD
2020-05-14,25.32759707512886,26.844220645665484,24.586137841385348,26.81894302368164,5742600,26.81894302368164,USD
2020-05-15,26.46506168498497,27.06328421469313,26.27127142384608,26.72625732421875,5460600,26.72625732421875,USD
2020-05-18,28.05751737596698,28.394545905092897,27.59410555902554,28.15862464904785,7288300,28.15862464904785,USD
2020-05-19,27.981684670006068,28.11649543185364,27.24865135334381,27.29077911376953,5149700,27.29077911376953,USD
2020-05-20,27.80474536377959,28.40296790172744,27.72891411149451,27.93955612182617,5131200,27.93955612182617,USD
2020-05-21,27.804745829433493,28.38611663059414,27.762618069490035,28.217605590820312,4056200,28.217605590820312,USD
2020-05-22,28.2597351201799,28.31028714962042,27.5688295285932,28.09122085571289,3395300,28.09122085571289,USD
2020-05-26,29.48988249252541,30.98122836427304,29.371923476818047,30.41670608520508,10389500,30.41670608520508,USD
2020-05-27,32.01758685950944,32.39674313620048,30.8632694963764,31.116039276123047,7665500,31.116039276123047,USD
2020-05-28,31.604727588463213,31.66371031167472,30.61050020094805,30.72003173828125,7253600,30.72003173828125,USD
2020-05-29,30.18078505040414,30.64419680062839,29.784777067815625,30.34087181091309,9444900,30.34087181091309,USD
2020-06-01,30.180787582238512,30.79586187891835,29.944869554509825,30.64419937133789,5134500,30.64419937133789,USD
2020-06-02,30.998079301849817,31.124462580746176,30.391429277892776,30.66105079650879,6710100,30.66105079650879,USD
2020-06-03,31.50362687653162,32.36304689150425,31.385667833835097,31.916486740112305,6419700,31.916486740112305,USD
2020-06-04,31.62157626927456,33.16347726463324,31.301402740846417,33.14662551879883,5822400,33.14662551879883,USD
2020-06-05,35.74172479398785,35.96079422350521,34.14084789079232,34.32621383666992,7917600,34.32621383666992,USD
2020-06-08,35.10981341600581,36.24728235179561,35.059261383843435,36.230430603027344,7587700,36.230430603027344,USD
2020-06-09,35.01713262037517,35.37943717320464,34.503165547098845,35.00870513916016,7867400,35.00870513916016,USD
2020-06-10,34.755934944635705,34.806490188919135,33.26458898676881,33.28144073486328,7295000,33.28144073486328,USD
2020-06-11,31.040206712522888,31.95017852408636,30.11338315446761,30.27346992492676,9548300,30.27346992492676,USD
2020-06-12,31.638424206058254,31.849066182415687,30.61891781188223,31.554168701171875,7142100,31.554168701171875,USD
2020-06-15,30.163931379205746,32.4304411775768,30.037548117654243,32.076560974121094,7492900,32.076560974121094,USD
2020-06-16,33.904932190134,33.904932190134,31.98387527864616,32.59894943237305,7392000,32.59894943237305,USD
2020-06-17,32.63266166681988,32.87700718376603,31.823797073628,31.86592483520508,4985300,31.86592483520508,USD
2020-06-18,31.54574914410069,32.47257600130698,31.267703336838405,32.11027145385742,4138300,32.11027145385742,USD
2020-06-19,32.91070901955841,32.91913328579226,31.30982844719685,31.444639205932617,16568700,31.444639205932617,USD
2020-06-22,31.141315289855072,31.33510556146557,30.711606985699984,31.116039276123047,6181700,31.116039276123047,USD
2020-06-23,31.865925155034088,32.04286368391904,31.17501957298049,31.208723068237305,4041700,31.208723068237305,USD
2020-06-24,30.711605689373503,30.779009461194526,29.64154389327558,29.93644142150879,5833200,29.93644142150879,USD
2020-06-25,29.767936430609183,30.703184444725427,29.599422145619204,30.61892890930176,5867800,30.61892890930176,USD
2020-06-26,30.15551055994868,30.22291433098336,29.338218542462705,29.54886054992676,6508500,29.54886054992676,USD
2020-06-29,29.92802032293314,30.239769630652827,29.557291503324382,29.97014808654785,4404500,29.97014808654785,USD
2020-06-30,29.784774171049467,30.964370524298378,29.69209440133177,30.770580291748047,4752100,30.770580291748047,USD
2020-07-01,30.76215412294907,30.930668354039085,29.8016271841201,29.919586181640625,4772600,29.919586181640625,USD
2020-07-02,30.75373342746843,31.343531697672937,29.98699664044517,30.03755187988281,5016800,30.03755187988281,USD
2020-07-06,30.913818381296643,31.368805867074144,30.652624361571707,31.25084686279297,6120100,31.25084686279297,USD
2020-07-07,30.8295619599677,31.07390744114872,30.265039752209542,30.34929847717285,5138600,30.34929847717285,USD
2020-07-08,30.49254061290955,31.1834462483286,30.391433333471813,30.981231689453125,6549000,30.981231689453125,USD
2020-07-09,30.95595613088738,30.964380398405737,29.616272605492696,29.8184871673584,6104900,29.8184871673584,USD
2020-07-10,29.8943135651388,31.22557260630127,29.84375832583094,31.124462127685547,4603000,31.124462127685547,USD
2020-07-13,31.596304740166705,31.97546103987717,31.259276203947994,31.52047348022461,6441200,31.52047348022461,USD
2020-07-14,31.46150146919675,31.983892932150216,31.166603840306028,31.92491340637207,6834000,31.92491340637207,USD
2020-07-15,32.624230706475586,32.72533795634432,32.093412019917075,32.55682373046875,6050300,32.55682373046875,USD
2020-07-16,32.219799604619745,33.29828554481065,31.98387839459676,32.63265609741211,4496000,32.63265609741211,USD
2020-07-17,32.632659566825005,32.74219431119033,32.143971778523195,32.41359329223633,3867500,32.41359329223633,USD
2020-07-20,32.211372484817346,32.39673846315993,31.722684743016472,31.832216262817383,4298600,31.832216262817383,USD
2020-07-21,32.034442560878915,32.85173472327949,32.02601507916658,32.28721237182617,4519000,32.28721237182617,USD
2020-07-22,32.051293999501986,32.43045031931914,31.91648322069394,32.37146759033203,3703700,32.37146759033203,USD
2020-07-23,32.194521128637774,32.733764111261266,32.14396910785539,32.48942184448242,4074500,32.48942184448242,USD
2020-07-24,32.632653917904214,32.70848515639303,32.16081474351362,32.20294570922852,3324300,32.20294570922852,USD
2020-07-27,32.03443750137007,32.08499274123185,31.528894745178285,31.849071502685547,4463700,31.849071502685547,USD
2020-07-28,31.697404686790826,32.034433145087014,31.5962974349586,31.672128677368164,4732500,31.672128677368164,USD
2020-07-29,31.68898660462216,32.63266197217637,31.52889660933216,32.59053421020508,6805300,32.59053421020508,USD
2020-07-30,31.68898106103324,31.790088314905336,31.116034598855272,31.638425827026367,4636200,31.638425827026367,USD
2020-07-31,31.6215794867862,31.924904514385275,31.318254459187123,31.89120101928711,5860600,31.89120101928711,USD
2020-08-03,31.95944025561344,32.394435194404565,31.601206258651416,31.81443977355957,3982500,31.81443977355957,USD
2020-08-04,31.729138465095293,31.822961705028312,31.4050227054224,31.47325897216797,4227400,31.47325897216797,USD
2020-08-05,31.933853331251804,32.80384655269381,31.831502144519085,32.65031814575195,6089500,32.65031814575195,USD
2020-08-06,31.97649246868142,32.80383611656401,31.498848326409306,31.54149436950684,7612100,31.54149436950684,USD
2020-08-07,31.490316866923006,33.1961846041219,31.191791314387,33.02560043334961,8486400,33.02560043334961,USD
2020-08-10,33.17059598856923,34.09176608286256,33.17059598856923,33.92970657348633,7439800,33.92970657348633,USD
2020-08-11,34.91911554148569,35.3711727578456,34.57794390588214,34.60353088378906,9162900,34.60353088378906,USD
2020-08-12,35.37969368684991,35.37969368684991,33.71647212360777,34.15147018432617,5930600,34.15147018432617,USD
2020-08-13,33.6908828538734,34.10029066013661,33.37529827994459,33.639705657958984,4629900,33.639705657958984,USD
2020-08-14,33.35824677687019,33.93824211398089,33.24736445409423,33.78471374511719,6627700,33.78471374511719,USD
2020-08-17,33.84442548953233,33.86148456204576,33.076783494854695,33.162078857421875,3684500,33.162078857421875,USD
2020-08-18,33.17059948516586,33.42647900932546,32.56501718546169,32.675899505615234,4592700,32.675899505615234,USD
2020-08-19,32.68442053435863,33.27294364143299,32.51383313625934,32.582069396972656,4789000,32.582069396972656,USD
2020-08-20,32.24943518056033,32.49678356368884,31.993552381823697,32.08737564086914,3550900,32.08737564086914,USD
2020-08-21,32.078838701187536,32.394423276112434,31.69501786482805,31.7973690032959,4503400,31.7973690032959,USD
2020-08-24,31.950908084098888,32.957370502981,31.788851789212323,32.940311431884766,8843400,32.940311431884766,USD
2020-08-25,33.32412905774569,33.53736254455168,32.76119278272526,32.97442626953125,4100200,32.97442626953125,USD
2020-08-26,32.88913091264573,32.96589509042586,32.573543040836064,32.684425354003906,4160000,32.684425354003906,USD
2020-08-27,32.803844508193805,33.58001440438704,32.718552400179966,33.32413482666016,3444400,33.32413482666016,USD
2020-08-28,33.70795695514754,33.72501602806181,33.17060754624708,33.62266159057617,2884900,33.62266159057617,USD
2020-08-31,33.46913136521233,33.55442346316136,32.769722496553435,32.80384063720703,6713700,32.80384063720703,USD
2020-09-01,32.68443090790223,33.307072342950214,32.394433215197765,32.83795928955078,3646500,32.83795928955078,USD
2020-09-02,32.67590592770985,33.204724148731145,32.39443611823517,33.11090087890625,4544000,33.11090087890625,USD
2020-09-03,33.43500313378511,34.1599955086021,32.368835962769545,32.582069396972656,5854100,32.582069396972656,USD
2020-09-04,33.17912723013082,33.67382715874506,32.62471894013196,33.39236068725586,5426200,33.39236068725586,USD
2020-09-08,33.18766018758627,33.26442437398131,32.17266994852723,32.309139251708984,6629200,32.309139251708984,USD
2020-09-09,32.61620325263142,32.94884704977692,32.343261331868234,32.65031814575195,3936000,32.65031814575195,USD
2020-09-10,32.76972475064541,33.324133186504426,32.08737815906253,32.1470832824707,4908400,32.1470832824707,USD
2020-09-11,32.266501921735674,32.82090719220408,32.04473721059974,32.60767364501953,5327000,32.60767364501953,USD
2020-09-14,32.85501777314541,33.33266198014993,32.67590241565058,33.12795639038086,3190800,33.12795639038086,USD
2020-09-15,33.08530893033304,33.162073116511635,31.96796427677454,31.99355125427246,5111100,31.99355125427246,USD
2020-09-16,32.19826029332112,32.62472731707371,32.027672833083045,32.095909118652344,8558700,32.095909118652344,USD
2020-09-17,31.985018048019786,33.67382661051311,31.532964167453407,33.537357330322266,10020800,33.537357330322266,USD
2020-09-18,33.44353907659771,34.20264976419889,33.39236512244872,33.83588790893555,9705500,33.83588790893555,USD
2020-09-21,32.846488656076815,33.11943054398972,31.58414665935224,31.92532157897949,7868100,31.92532157897949,USD
2020-09-22,31.7888477907854,32.23237382244512,31.13208827777107,31.51590919494629,6715500,31.51590919494629,USD
2020-09-23,31.66089594765154,32.08736276956268,30.70561117760201,30.78237533569336,6048100,30.78237533569336,USD
2020-09-24,30.92737877194609,31.11502525285989,30.014739848076,30.49238395690918,6527900,30.49238395690918,USD
2020-09-25,30.2791513213466,31.07238005287663,30.176800171573674,30.927379608154297,3957900,30.927379608154297,USD
2020-09-28,31.44767751541628,32.1982603905185,31.44767751541628,31.77179336547852,3915300,31.77179336547852,USD
2020-09-29,31.65238249762363,31.83149786373939,31.09797407448232,31.36238479614257,3805200,31.36238479614257,USD
2020-09-30,31.532969962119587,32.01914206549631,31.33679553915045,31.703554153442383,6040300,31.703554153442383,USD
2020-10-01,31.76327102251437,32.13002973492594,31.413568130850148,31.78032684326172,4128100,31.78032684326172,USD
2020-10-02,31.260034142539475,32.368847753559194,31.19179785697017,32.095909118652344,4697500,32.095909118652344,USD
2020-10-05,32.5308990022465,33.19618641486426,32.16413715844833,32.85501480102539,4122700,32.85501480102539,USD
2020-10-06,33.272946980487504,33.90411944069,32.63324661368203,32.72706985473633,5766100,32.72706985473633,USD
2020-10-07,33.27295449912253,33.92971408122515,33.18766239908221,33.55442428588867,6762900,33.55442428588867,USD
2020-10-08,33.68236830825451,34.177068383581684,33.62265992916222,33.98942184448242,4693900,33.98942184448242,USD
2020-10-09,34.185594261667106,34.36470961019839,33.62265473139484,33.673831939697266,3980300,33.673831939697266,USD
2020-10-12,33.80177018066655,34.47558546519692,33.70794693437277,34.407352447509766,5811800,34.407352447509766,USD
2020-10-13,34.00647498066843,34.00647498066843,33.07677686401607,33.26442337036133,6503800,33.26442337036133,USD
2020-10-14,33.26442135635242,33.8785347918026,33.22177531304273,33.23883438110352,4611400,33.23883438110352,USD
2020-10-15,32.72708105621315,33.44354584240659,32.55649358260797,33.37531280517578,3646300,33.37531280517578,USD
2020-10-16,33.50324249267578,33.99794571558584,33.145011817066106,33.50324249267578,4689400,33.50324249267578,USD
2020-10-19,33.707955820093154,33.93824841615295,33.23031155563372,33.32413482666016,3745200,33.32413482666016,USD
2020-10-20,33.74207081039944,34.194124797246225,33.520306144398525,33.55442428588867,3866000,33.55442428588867,USD
2020-10-21,33.36678164196853,33.75913380736609,33.29854860473772,33.37531280517578,5834700,33.37531280517578,USD
2020-10-22,33.41795000097802,34.68029176510992,33.29853977721595,34.63764572143555,4916900,34.63764572143555,USD
2020-10-23,34.970290365186926,35.17499593553122,34.620587591682444,34.91911315917969,4804100,34.91911315917969,USD
2020-10-26,34.39881919551109,34.501170332980664,33.34970783513295,33.588531494140625,6717800,33.588531494140625,USD
2020-10-27,33.53735981773231,33.55441888573194,32.130017617765496,32.21531295776367,5451900,32.21531295776367,USD
2020-10-28,31.40502894819718,32.070316412792685,31.106503356054308,31.21738243103028,6959900,31.21738243103028,USD
2020-10-29,31.00415216345384,32.11296905813263,30.620334434649163,31.82297134399414,5097700,31.82297134399414,USD
2020-10-30,31.66090509825058,32.29207760872063,31.387966513637743,32.283546447753906,6522100,32.283546447753906,USD
2020-11-02,32.88794731800524,33.64776429495518,32.30081646677763,33.41463851928711,5635900,33.41463851928711,USD
2020-11-03,34.10539172177315,34.80476929471655,33.949974483341286,34.51120376586914,5860200,34.51120376586914,USD
2020-11-04,33.57869036867319,34.58890211863596,33.051999138506986,33.673667907714844,7827900,33.673667907714844,USD
2020-11-05,34.49392325628352,36.09989865265011,34.11401311469163,35.51276779174805,7936600,35.51276779174805,USD
2020-11-06,36.06535620105378,36.2035044276708,34.60616535155446,34.951534271240234,6063800,34.951534271240234,USD
2020-11-09,37.308696408014896,39.84717502058826,36.98059637413304,38.80242538452149,11758900,38.80242538452149,USD
2020-11-10,39.54497668677805,40.13210761828729,38.75925783633396,39.74356460571289,9444000,39.74356460571289,USD
2020-11-11,39.71765556123956,40.01122097322336,39.02691438413466,39.29457473754883,7381300,39.29457473754883,USD
2020-11-12,38.60384154296014,38.7765276963729,37.23962784779959,37.80085372924805,6805000,37.80085372924805,USD
2020-11-13,38.22393352873804,38.90604200333743,38.15485775189613,38.62974548339844,4812900,38.62974548339844,USD
2020-11-16,39.890348985447375,40.01986112716261,39.27731628433794,39.74356460571289,7336500,39.74356460571289,USD
2020-11-17,39.3981916289207,40.02849321079264,39.0959900746222,39.72629165649414,4615400,39.72629165649414,USD
2020-11-18,39.93352153397067,40.71060759482022,39.458637071769054,39.46726989746094,5627600,39.46726989746094,USD
2020-11-19,39.01827826670687,39.41545732554171,38.50022320730663,39.29457473754883,5361700,39.29457473754883,USD
2020-11-20,39.10462161398189,39.717654181509566,38.638370100490285,39.60540771484375,8213400,39.60540771484375,USD
2020-11-23,40.12347060741414,40.89192043339061,40.037125894896896,40.72786712646485,4406800,40.72786712646485,USD
2020-11-24,41.44450794871016,42.16978696956112,41.02142714749976,42.02300262451172,6510700,42.02300262451172,USD
2020-11-25,41.51358921522896,41.59993063408746,40.81421186510466,41.23728942871094,4933300,41.23728942871094,USD
2020-11-27,41.20275315422244,41.5740271688323,40.719232664710695,40.96962738037109,2378400,40.96962738037109,USD
2020-11-30,40.56381828789796,40.84011478852612,39.76083055366171,39.86444091796875,6815300,39.86444091796875,USD
2020-12-01,40.83148316103586,40.93509352838069,40.41703839794236,40.503379821777344,5187800,40.503379821777344,USD
2020-12-02,40.270247760149935,41.306361153553325,40.10619776289892,41.194114685058594,6364800,41.194114685058594,USD
2020-12-03,41.1164060982105,41.67763514697049,40.90918539575802,41.194114685058594,3924100,41.194114685058594,USD
2020-12-04,41.565382552970505,42.212952916700736,41.45313610101757,41.85031509399414,5154400,41.85031509399414,USD
2020-12-07,41.418614832501376,41.444516601388685,40.71923742911581,41.081878662109375,5406600,41.081878662109375,USD
2020-12-08,41.15095439588843,41.31500443466339,40.66743381158896,41.03007507324219,7708300,41.03007507324219,USD
2020-12-09,41.66037737397646,41.72945315578677,41.03870851254193,41.13368606567383,4688000,41.13368606567383,USD
2020-12-10,40.632887912010176,41.1854808296572,40.35659145318667,41.055965423583984,10610400,41.055965423583984,USD
2020-12-11,40.52927562475894,40.771037504598,40.209808451134194,40.74513244628906,4238300,40.74513244628906,USD
2020-12-14,41.36681205457808,41.5308620964635,39.570884538598335,39.57951736450195,7001600,39.57951736450195,USD
2020-12-15,40.06302922178053,40.14937063684735,39.09598824572012,39.92488098144531,5522700,39.92488098144531,USD
2020-12-16,39.90761990215101,40.20118538241485,39.56224758641197,39.99396133422852,7155500,39.99396133422852,USD
2020-12-17,40.304789453684265,40.33932733859737,39.55360857225103,40.14073944091797,4253700,40.14073944091797,USD
2020-12-18,40.20117741271155,40.39112918436789,39.104624315398496,39.41545867919922,9359400,39.41545867919922,USD
2020-12-21,39.15643008517675,39.44136269951955,38.52612849753504,39.251407623291016,6421800,39.251407623291016,USD
2020-12-22,39.32048945144919,39.674494597500185,39.0096550219967,39.03555679321289,4954100,39.03555679321289,USD
2020-12-23,39.49317030817336,40.23571509761196,39.303215228190815,39.82990646362305,3946300,39.82990646362305,USD
2020-12-24,39.76947179951302,39.99396150007415,39.54497880523736,39.985328674316406,1580600,39.985328674316406,USD
2020-12-28,40.27888588763307,40.82284272900355,39.86443787461676,39.93351364135742,3270000,39.93351364135742,USD
2020-12-29,40.20981216714333,40.40840006605799,39.67448812251624,39.72629165649414,3025400,39.72629165649414,USD
2020-12-30,39.73492692861827,40.42566814790022,39.73492692861827,40.06303024291992,3146600,40.06303024291992,USD
2020-12-31,40.132102372290746,40.69333146083695,39.96805236341003,40.53791427612305,2856400,40.53791427612305,USD
2021-01-04,40.60699670322105,40.78831899230463,39.48454154473302,39.7867431640625,7752200,39.7867431640625,USD
2021-01-05,39.83853134694699,40.73649644495661,39.71765206331367,40.27888107299805,6121900,40.27888107299805,USD
2021-01-06,41.53085451288904,43.27497816753922,41.1164097771871,42.67921447753906,9356500,42.67921447753906,USD
2021-01-07,42.90370914733713,43.292252161682406,42.70512122749718,42.80873489379883,5077000,42.80873489379883,USD
2021-01-08,42.85190424618391,43.154102529008114,41.89349927249252,42.66194915771485,4415600,42.66194915771485,USD
2021-01-11,42.10071640881495,42.82599551925016,41.7812492094905,42.65331268310547,4700000,42.65331268310547,USD
2021-01-12,42.99867533736632,43.6807836386392,42.84325817267848,43.34404754638672,4347900,43.34404754638672,USD
2021-01-13,43.197271787732696,43.74986479699071,43.11093036517893,43.456302642822266,4517500,43.456302642822266,USD
2021-01-14,43.732599207707295,44.60465943407275,43.64625449132043,44.52695083618164,6249400,44.52695083618164,USD
2021-01-15,44.05205981560857,44.57875097855771,43.43039112573896,44.155670166015625,4568900,44.155670166015625,USD
2021-01-19,44.4406052721859,45.22632400265921,44.2938209148638,45.0018310546875,7029400,45.0018310546875,USD
2021-01-20,44.96728988744743,45.05363128944455,44.40606089332609,44.59601593017578,4805100,44.59601593017578,USD
2021-01-21,44.59602721260996,44.811884065926144,44.06933596352419,44.0952377319336,5222700,44.0952377319336,USD
2021-01-22,43.4822038469059,44.06933473505632,43.35268842104085,43.91391754150391,5322900,43.91391754150391,USD
2021-01-25,43.352690606156585,43.7066957218214,43.02459055319895,43.69806289672852,4081300,43.69806289672852,USD
2021-01-26,43.93118932032296,44.103875468052,43.18000507175879,43.26634979248047,4588000,43.26634979248047,USD
2021-01-27,42.54969614604271,42.86053049998519,41.72944284878909,41.79851531982422,8023100,41.79851531982422,USD
2021-01-28,42.35974809361593,43.28361511897796,42.29067232281194,42.80009460449219,5444300,42.80009460449219,USD
2021-01-29,42.42017863404574,42.5669596749035,41.21137925434733,41.57402038574219,6851900,41.57402038574219,USD
2021-02-01,41.84167897799835,41.95392542995128,41.176839675989726,41.85031509399414,4566900,41.85031509399414,USD
2021-02-02,42.30793720539007,42.77418873243056,42.0661786182048,42.24749755859375,5190100,42.24749755859375,USD
2021-02-03,42.13524998047213,42.77418760743193,42.07481033526543,42.627403259277344,4456600,42.627403259277344,USD
2021-02-04,42.81043558657212,45.24205523392372,42.80172156968941,45.233341217041016,8095600,45.233341217041016,USD
2021-02-05,45.20719101596906,45.843420617415255,44.63196950475116,45.82599258422852,6965900,45.82599258422852,USD
2021-02-08,45.982859407988144,47.290181077932765,45.982859407988144,47.220458984375,7773300,47.220458984375,USD
2021-02-09,46.90671801336478,47.84799154793286,46.75855643367839,47.42964553833008,7183900,47.42964553833008,USD
2021-02-10,47.56908276880733,48.135586870775725,47.12459150796585,47.9002685546875,7384400,47.9002685546875,USD
2021-02-11,48.05714976718689,48.937414991403024,47.55165372356538,48.20531463623047,5332400,48.20531463623047,USD
2021-02-12,48.4057746449582,49.16402044157278,48.03100875503213,48.519073486328125,5363700,48.519073486328125,USD
2021-02-16,48.9461326921734,49.46034611516899,48.80668515329451,48.81539916992188,4294000,48.81539916992188,USD
2021-02-17,48.48420296694702,48.98969894044283,47.97870366876034,48.29246139526367,5449600,48.29246139526367,USD
2021-02-18,47.8654107053428,48.42320417311579,47.38606000892536,47.92642211914063,4136600,47.92642211914063,USD
2021-02-19,48.370905221474914,49.0245661028462,48.2401717153242,48.8676872253418,4791900,48.8676872253418,USD
2021-02-22,48.55392918444642,50.32317355373067,48.55392918444642,50.06170654296875,8350500,50.06170654296875,USD
2021-02-23,50.37546555111191,50.506199059749775,49.59978848907834,50.05299377441406,7380600,50.05299377441406,USD
2021-02-24,50.305745066593296,52.08370022807271,50.16629753775782,51.90939331054688,8871900,51.90939331054688,USD
2021-02-25,52.04884498862907,52.467187608485055,50.73280571343374,50.77638244628906,8681700,50.77638244628906,USD
2021-02-26,50.64564789735239,51.13371258291469,49.66079786089926,50.20115661621094,7396600,50.20115661621094,USD
2021-03-01,51.19472488800036,52.34516784506181,51.15114483343525,51.804805755615234,5277700,51.804805755615234,USD
2021-03-02,51.87452733314582,52.310301248923565,51.37774533513448,51.38645935058594,5833700,51.38645935058594,USD
2021-03-03,51.60435013844301,52.458466677795215,51.290592363846,51.804805755615234,8059200,51.804805755615234,USD
2021-03-04,51.70022091619304,52.01397869065176,49.9222624107212,51.098854064941406,7073500,51.098854064941406,USD
2021-03-05,51.66536091963398,52.25801378596025,50.30574825839617,52.04012680053711,5968200,52.04012680053711,USD
2021-03-08,52.55433691511303,54.079545717187486,52.38002667279483,52.6153450012207,6357600,52.6153450012207,USD
2021-03-09,52.07499221392489,52.72865320405784,51.2731696618805,51.98783874511719,7787700,51.98783874511719,USD
2021-03-10,52.19701013992989,52.937827948254736,51.90940102352469,52.71122360229492,5693800,52.71122360229492,USD
2021-03-11,52.39746459203453,53.02498021309695,52.07499276440713,52.30159378051758,4384400,52.30159378051758,USD
2021-03-12,53.07726599025011,53.39102042702892,52.80708495683063,53.24285888671875,3834100,53.24285888671875,USD
2021-03-15,53.120850010989344,53.34745102277592,51.9355442270185,52.76351547241211,4872200,52.76351547241211,USD
2021-03-16,52.27544476770764,52.32773884072197,51.316743368618965,51.69150924682617,5125000,51.69150924682617,USD
2021-03-17,52.048837226748326,52.51947052596998,51.78737021922494,52.42360305786133,4933800,52.42360305786133,USD
2021-03-18,52.824511895838896,54.61118419404162,52.73735512233452,53.82678985595703,13274400,53.82678985595703,USD
2021-03-19,53.77450982375931,53.95753409752461,52.833236430637854,53.41717529296875,13047900,53.41717529296875,USD
2021-03-22,52.807086943718005,53.21671551712648,52.1185633106629,52.38874435424805,7192400,52.38874435424805,USD
2021-03-23,52.00526192162806,52.441035874347016,50.88096765037864,51.125,5141400,51.125,USD
2021-03-24,51.69149696546805,52.22313828702278,51.02040481567383,51.02040481567383,3736800,51.02040481567383,USD
2021-03-25,51.14243397163344,52.51947800378461,50.66308326407496,52.32773971557617,5690400,52.32773971557617,USD
2021-03-26,52.95525139787644,53.14699300867311,52.301590442551294,53.007545471191406,3740900,53.007545471191406,USD
2021-03-29,52.12727921698488,52.86809357540601,51.92682360617318,52.43231964111328,4162900,52.43231964111328,USD
2021-03-30,52.929110490948624,53.80065850494355,52.78966294169711,53.54790878295898,3758700,53.54790878295898,USD
2021-03-31,53.15570978731296,53.730931288923365,52.85938335771417,52.98139953613281,4937500,52.98139953613281,USD
2021-04-01,52.946540577295,53.71350374208555,52.78966167257212,53.68735504150391,3470600,53.68735504150391,USD
2021-04-05,54.25385737864518,54.61990590486608,53.50432564435504,53.669921875,3980700,53.669921875,USD
2021-04-06,53.29515806219166,53.992395751887074,53.19056991521869,53.39102554321289,3956300,53.39102554321289,USD
2021-04-07,53.347444812689936,53.852944177765046,53.18185191276428,53.8442268371582,4379800,53.8442268371582,USD
2021-04-08,53.34745166566466,53.6263467564668,52.71122203197906,53.434608459472656,2989100,53.434608459472656,USD
2021-04-09,53.87909409332431,53.99239625792785,53.31258659499823,53.96624755859375,3692000,53.96624755859375,USD
2021-04-12,54.38459360564431,54.66348868467291,54.16670661735998,54.6111946105957,2671400,54.6111946105957,USD
2021-04-13,54.27129714521988,54.445607419107226,53.71350692853394,54.07955551147461,3406700,54.07955551147461,USD
2021-04-14,53.98367184518116,54.95980781672951,53.92266376254579,54.67219543457031,4341400,54.67219543457031,USD
2021-04-15,54.75935458032588,54.84650803794654,53.94881479062687,54.29743194580078,4553600,54.29743194580078,USD
2021-04-16,54.85521896987402,55.2212707856222,54.54146454526414,54.96852111816406,4072500,54.96852111816406,USD
2021-04-19,55.10797684778795,55.43044866052918,54.91623523360536,54.99467468261719,4782200,54.99467468261719,USD
2021-04-20,54.47174551154024,54.715777867530655,52.97268201116137,53.30387115478516,4353100,53.30387115478516,USD
2021-04-21,53.23414063300871,54.6634784773014,53.12083848934424,54.60247039794922,5174000,54.60247039794922,USD
2021-04-22,54.131838646555934,54.50660449600057,53.70477872811044,53.94881439208984,3344900,53.94881439208984,USD
2021-04-23,53.92266911533542,55.02082136116577,53.81808429539159,54.72449493408203,3250500,54.72449493408203,USD
2021-04-26,54.91623321653047,55.70062767783787,54.61119277307286,54.72449493408203,3116700,54.72449493408203,USD
2021-04-27,54.73321487195739,55.273573712267805,54.69835215330721,55.221282958984375,3295000,55.221282958984375,USD
2021-04-28,55.63962156992242,55.918519974187234,55.30843241616987,55.54375076293945,3767700,55.54375076293945,USD
2021-04-29,56.09282339488831,56.485017290267606,55.6309040716336,56.1538314819336,3116100,56.1538314819336,USD
2021-04-30,55.92722588845698,56.27584637048753,55.36072176102149,55.45659255981445,4189700,55.45659255981445,USD
2021-05-03,56.11024650125515,56.43272158983178,55.56988778142432,55.970802307128906,3810700,55.970802307128906,USD
2021-05-04,55.70063054901925,56.15383589172569,55.16027173931573,56.04924774169922,3822600,56.04924774169922,USD
2021-05-05,56.19741003747605,57.44372376762318,55.77906413076696,57.00794982910156,5222900,57.00794982910156,USD
2021-05-06,57.2171236548877,58.43729210212937,56.41530114504261,58.35013198852539,4609200,58.35013198852539,USD
2021-05-07,57.72261005078226,58.58544045611235,57.50472311463152,58.53314971923828,4204200,58.53314971923828,USD
2021-05-10,58.81407962438633,59.4109989093597,58.32250140049685,58.34883499145508,5323400,58.34883499145508,USD
2021-05-11,57.90990446065855,57.90990446065855,56.3298225624112,56.821407318115234,5153700,56.821407318115234,USD
2021-05-12,57.30420442117136,57.45343251563567,55.56611770787748,55.67145538330078,4580200,55.67145538330078,USD
2021-05-13,55.44323111718818,57.128650907905886,55.16232837683937,56.66340637207031,4941500,56.66340637207031,USD
2021-05-14,57.0584163854847,58.09424636621883,56.917961684317945,57.84845733642578,3640700,57.84845733642578,USD
2021-05-17,57.68168124855591,57.98891760075523,57.22521676775266,57.67290115356445,3560100,57.67290115356445,USD
2021-05-18,57.45343162791775,57.95378976422775,57.3568706983449,57.40076446533203,5026300,57.40076446533203,USD
2021-05-19,56.821410287601466,57.04963914252651,55.75924332302094,56.9091911315918,4700100,56.9091911315918,USD
2021-05-20,56.89163650964687,57.11109198971463,56.17182615153948,56.58440017700195,3877300,56.58440017700195,USD
2021-05-21,56.8477458534492,57.39199112351746,56.52294935238475,56.80385208129883,4852800,56.80385208129883,USD
2021-05-24,56.97942339764292,57.58511596146484,56.75996792012419,57.38322067260742,3420000,57.38322067260742,USD
2021-05-25,57.59389082765493,58.04158183638347,56.11036979117646,56.198150634765625,5372900,56.198150634765625,USD
2021-05-26,56.55806871034077,56.56684880510243,55.662689916277,56.4176139831543,5634000,56.4176139831543,USD
2021-05-27,57.25153552328216,57.751893652164405,56.73361720896632,57.63777923583984,6816400,57.63777923583984,USD
2021-05-28,57.813346340418406,57.93624086101032,56.61072802062716,57.37443542480469,3860700,57.37443542480469,USD
2021-06-01,58.17324434985738,58.77894349968711,58.03279635260972,58.38392639160156,5115800,58.38392639160156,USD
2021-06-02,58.69995792640808,58.717511419132094,57.83090934843992,58.01525115966797,3967400,58.01525115966797,USD
2021-06-03,57.74311378812526,58.68238279508881,57.62899937134877,58.26103210449219,4214800,58.26103210449219,USD
2021-06-04,58.261032902569006,58.436594576514416,57.76067476485116,58.42781448364258,3156000,58.42781448364258,USD
2021-06-07,58.52436829523452,58.55070187339855,57.86600205214272,58.12057113647461,2835200,58.12057113647461,USD
2021-06-08,57.69923280944552,58.17325071209071,57.02330623844368,57.97135543823242,3482400,57.97135543823242,USD
2021-06-09,57.65533722868504,57.716784488006645,56.75118182841754,56.77751541137695,3505300,56.77751541137695,USD
2021-06-10,57.56756669005252,57.71679481836453,56.06648856883277,56.08404541015625,4313100,56.08404541015625,USD
2021-06-11,56.26837673649571,56.50539237588655,56.040144539067605,56.277156829833984,3424200,56.277156829833984,USD
2021-06-14,56.136710872705294,56.56684507478605,55.381783506986885,55.57490539550781,4529200,55.57490539550781,USD
2021-06-15,55.72412959505503,56.45271997565777,55.45200362113438,55.97869873046875,5691800,55.97869873046875,USD
2021-06-16,55.67146006540048,56.40005380753016,54.977983349531065,55.926029205322266,6469700,55.926029205322266,USD
2021-06-17,56.2244889452296,56.303489692516905,52.4410757833176,52.888763427734375,8559700,52.888763427734375,USD
2021-06-18,51.68615167966513,52.22162354616264,50.7907729871221,51.1770133972168,11838900,51.1770133972168,USD
2021-06-21,51.51935979819013,52.50252261683538,51.51935979819013,52.388404846191406,6101100,52.388404846191406,USD
2021-06-22,52.32695915561512,52.42352009146519,51.58080860044378,52.02849960327149,8709300,52.02849960327149,USD
2021-06-23,52.20406241523975,52.44107469807002,51.98460696987368,52.01094055175781,3749400,52.01094055175781,USD
2021-06-24,52.2567350445086,52.89754461016448,51.95827547365007,52.6780891418457,3844700,52.6780891418457,USD
2021-06-25,53.00288418856214,53.81047868242921,52.7570917937388,53.56468963623047,5297800,53.56468963623047,USD
2021-06-28,53.415458504907946,53.47690576683071,52.35329486467197,52.44985580444336,4717600,52.44985580444336,USD
2021-06-29,52.9765450736092,53.43301281819129,52.02849925688061,52.21284103393555,4718100,52.21284103393555,USD
2021-06-30,51.94070914120923,52.63418909802002,51.94070914120923,52.537628173828125,5248500,52.537628173828125,USD
2021-07-01,52.93265498691779,53.31011863677055,52.64297552809155,53.11699676513672,4194600,53.11699676513672,USD
2021-07-02,52.89753921860477,53.1784452701563,52.72197754074356,53.03799057006836,3179300,53.03799057006836,USD
2021-07-06,52.91509649466341,52.91509649466341,51.32624119593059,51.703704833984375,9096100,51.703704833984375,USD
2021-07-07,51.21212818718582,52.01972270272875,51.17701450860795,51.65103912353516,7788000,51.65103912353516,USD
2021-07-08,50.264075819681445,50.66787640087104,49.55304229030039,49.76371765136719,10451900,49.76371765136719,USD
2021-07-09,50.6503174140292,51.91437957268038,50.57131331982448,51.6685905456543,6521700,51.6685905456543,USD
2021-07-12,51.57202519429432,52.34450923269168,50.99266300265232,52.28306198120117,4042000,52.28306198120117,USD
2021-07-13,52.239176170061015,52.30062677953099,51.29113032514292,51.51058578491211,3938300,51.51058578491211,USD
2021-07-14,51.65981236525584,52.14261704139565,50.72054329306024,51.12434387207031,3340500,51.12434387207031,USD
2021-07-15,50.65909317384427,51.8090408896686,50.46597466291618,51.475467681884766,3609200,51.475467681884766,USD
2021-07-16,51.68615452773654,51.82660589811253,50.316751155102025,50.54498672485352,4785700,50.54498672485352,USD
2021-07-19,49.11412982747852,49.4740366274867,48.46454022938786,49.03512573242188,5344400,49.03512573242188,USD
2021-07-20,48.85079149745181,51.11557032413892,48.76300729571982,50.65032577514648,4917000,50.65032577514648,USD
2021-07-21,51.361357389115305,52.37963064912881,51.25601969976902,51.78271484375,5221400,51.78271484375,USD
2021-07-22,51.80026695498752,51.89682789624319,50.58887518821102,50.746883392333984,3809700,50.746883392333984,USD
2021-07-23,51.089225305215386,51.361347898126894,50.42207891584544,50.5888671875,4870400,50.5888671875,USD
2021-07-26,50.711761039402575,51.2911232392086,50.483525517543896,50.957550048828125,3204600,50.957550048828125,USD
2021-07-27,50.10607017741299,51.02778240184677,49.92172505362668,50.68543243408203,3646500,50.68543243408203,USD
2021-07-28,50.94000243142289,51.05412021300452,49.83394834021741,50.597652435302734,3801100,50.597652435302734,USD
2021-07-29,51.33502171757889,51.57203402044397,50.8171066887903,51.11556625366211,3097700,51.11556625366211,USD
2021-07-30,50.81711073549993,51.51059086037065,50.4220901992682,50.65032577514648,4045200,50.65032577514648,USD
2021-08-02,50.98389408921355,51.93193993540163,50.50986949180722,50.76443862915039,3782400,50.76443862915039,USD
2021-08-03,51.01022757996091,51.20334945602465,49.763718827787535,51.168235778808594,3169200,51.168235778808594,USD
2021-08-04,50.42208601010472,50.983894808638645,50.00073192267274,50.14996337890625,4924700,50.14996337890625,USD
2021-08-05,51.3438028075405,52.08117331455238,51.0628967275422,51.65103912353516,5779500,51.65103912353516,USD
2021-08-06,52.616644923416096,53.55591411428396,52.511307230142336,53.29256820678711,8175700,53.29256820678711,USD
2021-08-09,53.26601977277718,54.07120364738135,52.79706415328332,53.496070861816406,4281900,53.496070861816406,USD
2021-08-10,53.41643666774166,55.088741363541565,53.41643666774166,54.61978912353516,7480600,54.61978912353516,USD
2021-08-11,54.90293455478906,55.77005544749954,54.38974207250842,55.38958358764648,5571700,55.38958358764648,USD
2021-08-12,55.522302223127966,55.70811310176814,55.06219668413004,55.45151519775391,3456800,55.45151519775391,USD
2021-08-13,55.58424346549943,55.73466421835381,55.20377161307599,55.29225540161133,3286900,55.29225540161133,USD
2021-08-16,54.94716913600942,54.98256264849062,54.16853211328983,54.84099197387695,3560300,54.84099197387695,USD
2021-08-17,54.31009865147786,54.84098779701716,53.85883983998968,54.38973236083984,4158200,54.38973236083984,USD
2021-08-18,54.12428746845278,54.92062460703138,53.88538970219026,53.94732666015625,3066000,53.94732666015625,USD
2021-08-19,53.13328819460277,53.84114149282508,52.89438707358197,53.336795806884766,3677900,53.336795806884766,USD
2021-08-20,53.3190941157438,53.68186910845061,53.03595282267069,53.54029846191406,2990900,53.54029846191406,USD
2021-08-23,53.97387309586297,54.46937216234687,53.91193613446639,54.124290466308594,2856800,54.124290466308594,USD
2021-08-24,54.248168105554925,54.74366379984353,54.08005060186878,54.58439636230469,2351600,54.58439636230469,USD
2021-08-25,54.8852295237499,55.814290617260674,54.56669467743889,55.27455139160156,2940400,55.27455139160156,USD
2021-08-26,55.371884953262494,55.45151529397977,54.53130758969823,54.67287826538086,2659200,54.67287826538086,USD
2021-08-27,54.95601388790448,55.672713882137415,54.73480951925267,55.53999328613281,4220800,55.53999328613281,USD
2021-08-30,55.70811510369945,55.72581186067891,54.53130945471074,54.7436637878418,2845200,54.7436637878418,USD
2021-08-31,54.61978341176174,55.345333485650286,54.433972548395104,54.85868453979492,5289200,54.85868453979492,USD
2021-09-01,54.87638478017208,55.03565220897678,54.06235088013569,54.248165130615234,4775900,54.248165130615234,USD
2021-09-02,54.49591673605408,54.80560154943604,54.212775370873054,54.55785369873047,5661100,54.55785369873047,USD
2021-09-03,54.59324535853834,54.82329644419077,53.86769521299678,54.16853332519531,3608900,54.16853332519531,USD
2021-09-07,54.17737198228206,54.61978070665997,53.82344702796615,53.8676872253418,5388000,53.8676872253418,USD
2021-09-08,53.74381482495428,54.04465290095351,53.42527999444795,53.95616912841797,3579400,53.95616912841797,USD
2021-09-09,53.80575062781223,54.9648593331065,53.726116921888064,54.00040817260742,4552300,54.00040817260742,USD
2021-09-10,54.53130648614042,54.62863695657339,53.69957582993954,53.77036285400391,4545100,53.77036285400391,USD
2021-09-13,54.33664664489292,54.77020873778351,53.956174821125,54.67287826538086,3768800,54.67287826538086,USD
2021-09-14,55.01795894878145,55.079895911106384,53.54916185949773,53.77921295166016,4449900,53.77921295166016,USD
2021-09-15,53.93848327458043,55.12413906368472,53.82345941000474,54.920631408691406,5889300,54.920631408691406,USD
2021-09-16,55.13298607526436,55.58424156779835,54.61094355431883,55.05335235595703,4664700,55.05335235595703,USD
2021-09-17,54.71711618438051,55.62847716008385,54.451671600471,54.610939025878906,9183000,54.610939025878906,USD
2021-09-20,53.000577233687466,53.11560109503026,51.62910721090877,52.47853469848633,9661800,52.47853469848633,USD
2021-09-21,52.9120923782352,52.99172609811047,51.44329528133337,51.73528671264648,6235000,51.73528671264648,USD
2021-09-22,52.61125223871539,53.053661026545775,52.49622838410354,52.6024055480957,5198600,52.6024055480957,USD
2021-09-23,53.01826287437753,54.72596091600515,53.01826287437753,54.20391845703125,4594400,54.20391845703125,USD
2021-09-24,54.32780150325948,55.07104841561124,54.177380757445626,54.29240798950195,4351400,54.29240798950195,USD
2021-09-27,55.0445066238172,56.69026803554426,55.03565993222484,56.28325271606445,5220000,56.28325271606445,USD
2021-09-28,56.33633047709822,56.87606971008533,55.45151294769273,55.55769348144531,4909100,55.55769348144531,USD
2021-09-29,55.77004474381295,55.86737520676654,55.31878931366817,55.37187957763672,3780000,55.37187957763672,USD
2021-09-30,55.84083833606811,55.84083833606811,54.43397824073766,54.61978912353516,6132900,54.61978912353516,USD
2021-10-01,54.7259647301881,55.85853350208197,54.52245709644659,55.31879425048828,4391700,55.31879425048828,USD
2021-10-04,55.230309690835,56.30094148846955,55.07104563758263,55.18606948852539,4950300,55.18606948852539,USD
2021-10-05,55.51345913950226,57.07073667049026,54.9471730256498,56.867225646972656,6076300,56.867225646972656,USD
2021-10-06,56.12397724518458,56.92031438716844,55.72580867419265,56.610626220703125,4418300,56.610626220703125,USD
2021-10-07,57.11497116088867,57.575073281235326,56.81412970669837,57.11497116088867,4596300,57.11497116088867,USD
2021-10-08,57.63701169550849,57.70779871600843,57.16805949828459,57.50428771972656,3559300,57.50428771972656,USD
2021-10-11,57.73435523124903,58.50414906455676,57.50430073785418,57.61933135986328,4637500,57.61933135986328,USD
2021-10-12,57.44235536579926,57.93785779836867,57.079583670265855,57.3184814453125,3162000,57.3184814453125,USD
2021-10-13,57.0972756031274,57.26539309836157,55.84968298866905,56.76104736328125,3868600,56.76104736328125,USD
2021-10-14,57.63701546991874,58.10596769785239,57.12381966361984,57.973243713378906,3253600,57.973243713378906,USD
2021-10-15,58.5572181182703,58.84035942744518,57.80512464864525,58.01747894287109,3036000,58.01747894287109,USD
2021-10-18,57.78743973645882,58.15021822063525,57.521998486434605,57.69010925292969,1958600,57.69010925292969,USD
2021-10-19,58.33602682714607,58.37142034254895,57.94670490833713,58.12367248535156,2122100,58.12367248535156,USD
2021-10-20,57.93784941667663,59.1588950636679,57.79627538481721,58.92884063720703,3527900,58.92884063720703,USD
2021-10-21,58.654566235990025,58.97310114854449,57.875929088980975,58.22985076904297,2199800,58.22985076904297,USD
2021-10-22,58.451050670720605,58.76074224274205,57.77859413014725,58.28293991088867,3902700,58.28293991088867,USD
2021-10-25,58.45103606046463,58.557216580099066,57.9997840409158,58.07941436767578,2437300,58.07941436767578,USD
2021-10-26,58.38912216359567,58.601483286704365,57.80514595160623,57.920169830322266,3035500,57.920169830322266,USD
2021-10-27,57.78743297303758,58.17675486158802,56.81413500228376,56.88492202758789,4439300,56.88492202758789,USD
2021-10-28,57.06188422611536,57.76974099510417,56.96455375161384,57.75204086303711,2612200,57.75204086303711,USD
2021-10-29,57.8847607293714,58.01748470793401,55.22146147051469,55.5665397644043,8402400,55.5665397644043,USD
2021-11-01,56.04434393038816,56.79644087546856,55.77889933960553,56.76104736328125,3966100,56.76104736328125,USD
2021-11-02,56.61947858410542,57.26539501423368,56.10628276615323,56.35403060913086,4376500,56.35403060913086,USD
2021-11-03,56.14168394824562,58.52184235495948,55.858542553220616,57.76089859008789,7596500,57.76089859008789,USD
2021-11-04,57.81397681643288,57.81397681643288,54.70827200441192,56.54869079589844,5993200,56.54869079589844,USD
2021-11-05,57.15036597159568,58.0617337769422,56.415969113259,56.61948013305664,4402600,56.61948013305664,USD
2021-11-08,57.07414080915143,57.61795934327258,56.6818832775545,56.82452392578125,4461400,56.82452392578125,USD
2021-11-09,56.39659151318955,56.82451680506754,55.88843405500792,56.13805770874024,4067100,56.13805770874024,USD
2021-11-10,56.39659776748335,57.4129161973756,56.253957121312354,56.47683334350586,3826400,56.47683334350586,USD
2021-11-11,56.49466631750615,57.34159667900623,56.29853754596589,56.72645950317383,3124000,56.72645950317383,USD
2021-11-12,56.77103098551806,57.22570037841797,56.49466324864123,57.22570037841797,4084800,57.22570037841797,USD
2021-11-15,57.421837596563726,57.60013586746613,57.0295732386068,57.19004440307617,5986800,57.19004440307617,USD
2021-11-16,57.359423290136775,57.75168763147699,56.49466583026327,56.53032684326172,4817700,56.53032684326172,USD
2021-11-17,56.343109568348304,57.0830568565224,56.26287399244304,56.280704498291016,4542300,56.280704498291016,USD
2021-11-18,56.32528111712892,56.539240393466905,55.15740844764435,55.861698150634766,4294900,55.861698150634766,USD
2021-11-19,54.84537783978863,54.98801847731024,53.748827301187234,54.51552200317383,7402400,54.51552200317383,USD
2021-11-22,55.62099048690544,56.41442930833938,54.6492500042813,55.727970123291016,4575700,55.727970123291016,USD
2021-11-23,56.289619935639,56.94933507081939,55.968677621271326,56.48575210571289,4347300,56.48575210571289,USD
2021-11-24,56.22721424310382,56.63730568435047,55.71905671790226,55.83495330810547,4469600,55.83495330810547,USD
2021-11-26,53.38330851191909,53.88254902466266,52.2867580132304,53.579437255859375,4296900,53.579437255859375,USD
2021-11-29,54.28372818203618,54.42636881782444,52.83949131957742,53.3922233581543,5064700,53.3922233581543,USD
2021-11-30,52.71469326594025,52.84841697966764,51.92125433503026,52.295684814453125,12405500,52.295684814453125,USD
2021-12-01,53.09802875530811,53.45462864584982,50.86034973360788,50.913841247558594,9280500,50.913841247558594,USD
2021-12-02,51.484403238114,53.34764844371668,51.37742361218676,52.89298248291016,6069600,52.89298248291016,USD
2021-12-03,53.30307241797702,53.51703166395096,52.53637775145848,52.97321319580078,6035900,52.97321319580078,USD
2021-12-06,53.73099948098707,54.19458242629986,53.16043690239326,53.19609451293945,4873400,53.19609451293945,USD
2021-12-07,53.57944026957141,54.56009764771616,53.347650504305854,53.96278762817383,4464000,53.96278762817383,USD
2021-12-08,54.16783611206127,54.64033602061159,54.02519546439847,54.04302597045898,3485100,54.04302597045898,USD
2021-12-09,53.66859482576951,54.65816579351589,53.44571860423461,54.27481842041016,2761600,54.27481842041016,USD
2021-12-10,54.64924368828133,54.79188432058375,53.953871030909646,54.05193710327149,3954000,54.05193710327149,USD
2021-12-13,53.93604631566312,54.05194290460442,53.303078654436746,53.37439727783203,5531900,53.37439727783203,USD
2021-12-14,53.34765868172344,54.64034159603301,53.34765868172344,54.2035026550293,4533600,54.2035026550293,USD
2021-12-15,54.29264694133219,54.48877569655413,53.29415905676849,54.2213249206543,3486300,54.2213249206543,USD
2021-12-16,54.97910867070603,55.58533230917532,54.41746300042361,54.729488372802734,4070900,54.729488372802734,USD
2021-12-17,54.56901684322364,54.57793379712974,53.31199500736002,53.713172912597656,8229700,53.713172912597656,USD
2021-12-20,52.91973946752744,52.91973946752744,51.32394463729922,52.233280181884766,5890800,52.233280181884766,USD
2021-12-21,52.857328548021904,54.31047914721043,52.80383702748888,53.775577545166016,4137100,53.775577545166016,USD
2021-12-22,53.73099989573359,54.52443870026645,53.65076431994817,54.27481842041016,2880600,54.27481842041016,USD
2021-12-23,54.58684431359032,55.38028312602111,54.58684431359032,55.0771713256836,3307200,55.0771713256836,USD
2021-12-27,55.23764790434093,55.79038344213091,54.9434530285174,55.710147857666016,2954100,55.710147857666016,USD
2021-12-28,55.5853226324295,56.4322528682171,55.54966502523767,55.817115783691406,3663000,55.817115783691406,USD
2021-12-29,55.81713059487768,56.23613904815984,55.629915354364215,55.87953567504883,2140400,55.87953567504883,USD
2021-12-30,56.04890857593021,56.45008643579337,55.73688324093726,55.790374755859375,2233100,55.790374755859375,USD
2021-12-31,55.558590242200495,56.06674781020428,55.54075973445034,55.710147857666016,2172700,55.710147857666016,USD
2022-01-03,56.11131673823488,57.06523010245134,56.07565912714089,56.36985397338867,3895900,56.36985397338867,USD
2022-01-04,57.21678345793344,58.33116455768935,56.99390723798225,57.89432907104492,4496900,57.89432907104492,USD
2022-01-05,58.96412844115912,59.18700464687915,57.53772208487935,57.61795425415039,4759400,57.61795425415039,USD
2022-01-06,58.6164468828784,59.28507555454621,58.15286732991144,59.24049758911133,9476200,59.24049758911133,USD
2022-01-07,59.49902965248909,60.51534460093972,59.09785520502142,59.96261596679688,5002600,59.96261596679688,USD
2022-01-10,60.62232711226852,60.75605419416808,59.67733418969093,60.17657470703125,4223400,60.17657470703125,USD
2022-01-11,60.3370446356485,60.6490699527323,59.91803629486094,60.6223258972168,3037600,60.6223258972168,USD
2022-01-12,60.47078839251841,61.12158326168863,59.84673078459594,60.283573150634766,3183600,60.283573150634766,USD
2022-01-13,60.60450808449247,61.139409681725866,60.31922677919181,60.52426910400391,2743300,60.52426910400391,USD
2022-01-14,59.84672320890402,61.04134334610156,59.43663175931168,60.95219421386719,3735100,60.95219421386719,USD
2022-01-18,61.29987886523328,61.65648218577572,60.42620106998642,60.79172134399414,4306200,60.79172134399414,USD
2022-01-19,61.00567622085732,61.19289142028566,59.463369861316,59.51686477661133,3566000,59.51686477661133,USD
2022-01-20,59.53470148760485,60.45295052891881,58.92847782902235,59.249420166015625,3453400,59.249420166015625,USD
2022-01-21,59.080031745383295,59.499040172214336,57.59122006839728,58.491641998291016,5224300,58.491641998291016,USD
2022-01-24,57.49314202760009,58.5272908492371,55.9240950928801,58.31333160400391,6795700,58.31333160400391,USD
2022-01-25,57.62688317062689,58.883908496644224,55.906278233191664,58.331172943115234,5714700,58.331172943115234,USD
2022-01-26,59.55252547949035,60.18549309381383,58.04588013735966,58.89280700683594,4795100,58.89280700683594,USD
2022-01-27,59.50795134569861,60.56884434022244,57.8051737427786,58.22418212890625,3871800,58.22418212890625,USD
2022-01-28,58.099368250737335,58.91064091238989,57.46640063641385,58.89280700683594,3851300,58.89280700683594,USD
2022-01-31,58.44705965320027,59.9982830919285,58.34008341717948,59.78431701660156,7566400,59.78431701660156,USD
2022-02-01,59.46338046948525,60.92544811773509,59.23159406787629,60.70257186889648,6150700,60.70257186889648,USD
2022-02-02,60.5153500154148,61.4157718666727,60.149836544162845,61.09482955932617,6377400,61.09482955932617,USD
2022-02-03,62.40533913406095,62.52123231529016,60.1765770221302,60.38162612915039,4340200,60.38162612915039,USD
2022-02-04,60.47969646948173,62.16464719187829,60.310315143102926,61.50492858886719,4070900,61.50492858886719,USD
2022-02-07,61.80118671172666,62.46552750317966,61.37026998952246,61.828125,4269800,61.828125,USD
2022-02-08,62.57325589685712,63.354301906561695,62.16927059659846,63.13884353637695,5130600,63.13884353637695,USD
2022-02-09,63.29146056538994,64.27898553059312,63.12088564301276,63.21963882446289,4174000,63.21963882446289,USD
2022-02-10,62.941328130769776,64.5034130763829,62.91439669452944,63.29145050048828,4035900,63.29145050048828,USD
2022-02-11,63.12087204523188,65.13183926218841,63.07598860379512,63.76725387573242,6416400,63.76725387573242,USD
2022-02-14,64.09045410382757,64.16227583971872,62.45654728344138,62.959285736083984,7401500,62.959285736083984,USD
2022-02-15,63.65054553853189,64.6650016751914,63.524860949894304,64.25203704833984,3297000,64.25203704833984,USD
2022-02-16,63.713387139204194,64.88943871263643,63.533832836465024,64.21612548828125,3442300,64.21612548828125,USD
2022-02-17,63.30940718523943,63.62362556271532,62.2680194276632,62.67200469970703,3768200,62.67200469970703,USD
2022-02-18,62.42062451882455,63.50690238227934,62.411645091225104,62.43858337402344,5127000,62.43858337402344,USD
2022-02-22,62.38471962754752,62.81564315270417,61.20866792344678,61.908912658691406,3820600,61.908912658691406,USD
2022-02-23,62.34880298821308,62.6091515950257,60.840581063803135,61.09195709228516,4470300,61.09195709228516,USD
2022-02-24,59.11690344751217,59.61066924948682,57.68948260974376,59.44907379150391,7408400,59.44907379150391,USD
2022-02-25,59.736354433014114,61.74731482493239,59.736354433014114,61.54980850219727,4808000,61.54980850219727,USD
2022-02-28,59.47600638824818,60.74183864206056,59.27850006359971,60.64308547973633,5564900,60.64308547973633,USD
2022-03-01,59.87102178028034,60.07750069329224,57.24060741447856,57.85108184814453,7742500,57.85108184814453,USD
2022-03-02,58.39870605577663,60.09545492009038,58.25506260623,59.61964797973633,4586100,59.61964797973633,USD
2022-03-03,59.77226183370404,60.36477391828973,59.00019544371631,59.754302978515625,4627300,59.754302978515625,USD
2022-03-04,58.174265481496136,58.47949752303458,56.36080469005083,57.438106536865234,7097500,57.438106536865234,USD
2022-03-07,56.63013297233805,56.83661528499404,55.48998882664337,55.63362884521485,6469800,55.63362884521485,USD
2022-03-08,56.11842294004494,57.39323135523419,55.31942496362893,55.62466049194336,5846400,55.62466049194336,USD
2022-03-09,58.07551961838184,58.59621003986654,57.5009594745181,57.85108184814453,5014000,57.85108184814453,USD
2022-03-10,57.10594028154158,58.12039642134378,56.89945796747614,57.70743179321289,3677300,57.70743179321289,USD
2022-03-11,58.21915201805546,58.82064355494751,57.50992789349603,57.63561248779297,4246800,57.63561248779297,USD
2022-03-14,58.63212084786331,59.03611294347496,57.66255488684916,58.07551956176758,5042400,58.07551956176758,USD
2022-03-15,58.55132428776363,58.982240954029486,57.94085330280623,58.64109802246094,3780600,58.64109802246094,USD
2022-03-16,59.42214991107542,60.83161892127487,59.30543787979102,60.616153717041016,6605400,60.616153717041016,USD
2022-03-17,59.91589620196593,61.226611760854446,59.556794453804216,61.19968032836914,4799500,61.19968032836914,USD
2022-03-18,61.02913155400356,61.50493860943041,60.26603753000378,61.45106887817383,11434300,61.45106887817383,USD
2022-03-21,61.97174800973605,62.23209661146663,61.10092847791565,61.73833084106445,5833300,61.73833084106445,USD
2022-03-22,62.51040189108011,63.88396672342014,62.51040189108011,63.12985229492188,5024700,63.12985229492188,USD
2022-03-23,62.77075589505908,63.5158909593321,62.28596947430185,62.32188034057617,3812400,62.32188034057617,USD
2022-03-24,62.69892331884759,63.43508567620716,62.501423862442095,63.01314163208008,3022200,63.01314163208008,USD
2022-03-25,62.80666087977646,64.2789720126614,62.80666087977646,64.00067138671875,3246500,64.00067138671875,USD
2022-03-28,63.85701233986048,64.00065575642549,63.11188437663848,63.991676330566406,3681700,63.991676330566406,USD
2022-03-29,64.68297524071913,64.84457072704608,63.58771770553625,64.19818878173828,3850000,64.19818878173828,USD
2022-03-30,64.26999733755785,64.82660547990268,63.91090238048096,64.305908203125,4486100,64.305908203125,USD
2022-03-31,64.18920972042199,64.57524300390133,63.08497274930264,63.09395217895508,4593900,63.09395217895508,USD
2022-04-01,63.5966825769415,64.17124956368934,62.92336927374482,63.29145050048828,4070100,63.29145050048828,USD
2022-04-04,63.120862481345696,63.21064304920939,62.08845444387017,62.51937103271485,2805900,62.51937103271485,USD
2022-04-05,62.45652704173352,63.51587333025949,62.330842469306326,62.851539611816406,4360800,62.851539611816406,USD
2022-04-06,62.89643515316958,63.53383756440998,62.64506595992511,62.90541458129883,4109400,62.90541458129883,USD
2022-04-07,62.75279484703988,62.91439029734783,61.19968263856373,62.43858337402344,3482400,62.43858337402344,USD
2022-04-08,62.95030547620804,63.87498795277882,62.63608713234296,63.39020156860352,2954900,63.39020156860352,USD
2022-04-11,63.4530435397072,64.44954773825884,63.219626352392325,63.3632698059082,2650300,63.3632698059082,USD
2022-04-12,63.55180974626256,64.22512316190404,62.582236783907256,62.98622894287109,2719400,62.98622894287109,USD
2022-04-13,62.654054565777294,63.31838850942193,62.20517898371782,63.24656677246094,2146500,63.24656677246094,USD
2022-04-14,63.22861023694168,63.84806068761856,62.97724102486913,63.417137145996094,2847700,63.417137145996094,USD
2022-04-18,63.13884187684132,64.31489372609035,62.9772463911256,63.94681930541992,3041100,63.94681930541992,USD
2022-04-19,64.2071656779227,64.71888361080507,63.94682384567766,64.49444580078125,2662300,64.49444580078125,USD
2022-04-20,64.77274765479532,65.61662908885756,64.70990534747901,65.03309631347656,2843400,65.03309631347656,USD
2022-04-21,65.53581381378693,65.6974092451078,64.11736578878086,64.2610092163086,2226200,64.2610092163086,USD
2022-04-22,64.12635624589271,64.19817797201085,62.39369648674924,62.44755935668945,3113900,62.44755935668945,USD
2022-04-25,61.63060272086282,62.16027248195661,59.79919000155403,62.01663589477539,7028400,62.01663589477539,USD
2022-04-26,60.97524382095589,61.78322105828141,59.87998654916978,59.897945404052734,3484700,59.897945404052734,USD
2022-04-27,59.99671655605879,60.687981991902376,59.484998627128284,60.0595588684082,3282900,60.0595588684082,USD
2022-04-28,60.69693958787376,60.98421960517212,59.39520350777406,60.840576171875,3222500,60.840576171875,USD
2022-04-29,60.51740690063647,61.10991908421109,58.73985665131748,58.96429443359375,3872900,58.96429443359375,USD
2022-05-02,59.3862339144759,59.70044541522294,58.246086234097646,59.377254486083984,3255000,59.377254486083984,USD
2022-05-03,59.55680185640866,60.49046377796003,59.20667949198903,59.82612991333008,3623200,59.82612991333008,USD
2022-05-04,59.754310199943546,61.64856554275701,59.58374215081863,61.32537460327149,3823300,61.32537460327149,USD
2022-05-05,60.364776938262445,62.39369617038303,59.76328539599069,60.59819412231445,4689200,60.59819412231445,USD
2022-05-06,60.643092741044114,60.80468822153325,59.60169812249244,60.63411331176758,4833600,60.63411331176758,USD
2022-05-09,60.227103393339085,60.76073054297663,59.12368419820775,59.36788177490234,7275800,59.36788177490234,USD
2022-05-10,59.78392844338235,60.64315699105857,58.12878924452344,58.61719131469727,5521400,58.61719131469727,USD
2022-05-11,58.807126307884005,59.97386347634543,57.92981873195374,57.99312973022461,5219000,57.99312973022461,USD
2022-05-12,57.92981094473037,57.97502913719894,55.55111182863619,56.898738861083984,6862500,56.898738861083984,USD
2022-05-13,57.25147560145533,57.91172128052554,56.817341598101926,57.360008239746094,4477700,57.360008239746094,USD
2022-05-16,57.24242796130057,57.893630638057616,56.7902046469282,57.5408935546875,4237300,57.5408935546875,USD
2022-05-17,58.60814715962586,59.1869924782075,58.38203549141801,58.77998733520508,4562500,58.77998733520508,USD
2022-05-18,58.4091742631913,58.42726016248564,56.95301440646228,57.269569396972656,5096500,57.269569396972656,USD
2022-05-19,56.44652181371356,57.522812209564336,55.90385514105733,56.42843246459961,4455700,56.42843246459961,USD
2022-05-20,56.618359431271,57.21529408776003,55.02653483069701,56.12091445922852,5405400,56.12091445922852,USD
2022-05-23,56.98012682928749,58.246353250014096,56.86254782374545,57.839351654052734,4983900,57.839351654052734,USD
2022-05-24,57.71274339128968,58.01120899899678,56.41033797528704,57.77605438232422,3738800,57.77605438232422,USD
2022-05-25,57.47758540608689,58.85234476371491,57.47758540608689,58.42725372314453,5900800,58.42725372314453,USD
2022-05-26,59.36788170786655,60.63410848653892,59.31361711319142,60.51653289794922,6343000,60.51653289794922,USD
2022-05-27,60.51651933943066,61.44809814133419,60.35371869149941,61.24911880493164,4197500,61.24911880493164,USD
2022-05-31,60.37181916568681,61.98173323937751,60.317554570064274,60.95066452026367,10013500,60.95066452026367,USD
2022-06-01,61.32148922158299,61.339575119474894,59.67539649819109,60.29042053222656,3694200,60.29042053222656,USD
2022-06-02,60.39895696169903,60.64316146499259,59.39502044900672,60.62506866455078,3102800,60.62506866455078,USD
2022-06-03,60.27233184104733,60.824044919485054,59.67540056460823,59.865333557128906,2452000,59.865333557128906,USD
2022-06-06,60.34468725222613,61.2672198855898,59.910549783337885,60.48939514160156,3267100,60.48939514160156,USD
2022-06-07,60.30850325338378,61.41192927694659,60.0552592939524,61.22199630737305,3692800,61.22199630737305,USD
2022-06-08,60.99588446808824,61.28530712094594,60.444171457893816,60.81499099731445,3099500,60.81499099731445,USD
2022-06-09,60.73360249636495,61.10442208698541,59.68444092215817,59.70253372192383,3906500,59.70253372192383,USD
2022-06-10,58.29158535171994,58.635279503921744,57.22434145107714,57.40523147583008,5246300,57.40523147583008,USD
2022-06-13,56.33798636544367,56.4012973590964,54.76424757275606,55.207427978515625,6042200,55.207427978515625,USD
2022-06-14,55.54206829677267,56.473647236480325,55.19837760583396,55.94906997680664,4773700,55.94906997680664,USD
2022-06-15,56.61836220850151,57.26052198955817,55.46971793224901,56.356075286865234,4716900,56.356075286865234,USD
2022-06-16,55.44257566272309,55.51493304651772,54.456728734756126,55.43353271484375,6145400,55.43353271484375,USD
2022-06-17,54.899918498883984,55.894808545327216,54.61953876388718,55.053672790527344,9326700,55.053672790527344,USD
2022-06-21,56.3741671225692,57.02536643111419,55.57825302302476,56.5550537109375,5463500,56.5550537109375,USD
2022-06-22,55.52398131422695,56.46460669253989,55.487802618863306,55.84958267211914,4455300,55.84958267211914,USD
2022-06-23,56.256594350214286,56.52792771319946,54.92705638633875,55.4697265625,4429600,55.4697265625,USD
2022-06-24,55.78626944751193,58.40916610316095,55.65060107042347,58.08356475830078,6159400,58.08356475830078,USD
2022-06-27,58.382033121613546,58.571966087152845,57.26051777474272,57.50471878051758,3166200,57.50471878051758,USD
2022-06-28,58.35490085638548,58.96088541884014,57.62230120224814,57.6494369506836,2994500,57.6494369506836,USD
2022-06-29,57.74891742027712,57.83936415570109,56.71784878777501,56.91682815551758,2303500,56.91682815551758,USD
2022-06-30,56.12091485916353,57.09771891321032,55.52398019842057,56.79020690917969,3842500,56.79020690917969,USD
2022-07-01,56.64550067402055,57.65848006359426,56.09378760687174,57.59516906738281,3811000,57.59516906738281,USD
2022-07-05,56.220404737584246,56.50078444669638,55.26169002756004,56.38320541381836,3384800,56.38320541381836,USD
2022-07-06,55.75913474652384,56.52791298301687,54.99939945802449,56.01237869262695,3818100,56.01237869262695,USD
2022-07-07,56.5369581445332,57.19720723019197,56.46460420718096,57.00727081298828,5555200,57.00727081298828,USD
2022-07-08,57.27860973259041,57.7760547150942,56.60027472457882,56.6454963684082,4159700,56.6454963684082,USD
2022-07-11,56.29276137383396,56.87160668150276,56.02142461694779,56.1751823425293,2461900,56.1751823425293,USD
2022-07-12,55.63251764152461,56.85352281463797,55.37023070821035,55.8857650756836,3829200,55.8857650756836,USD
2022-07-13,55.1983772665614,55.2888240005631,53.63368499532817,54.22157669067383,5967200,54.22157669067383,USD
2022-07-14,52.78350849916273,53.01866311655287,51.92428346797019,52.37650680541992,7424900,52.37650680541992,USD
2022-07-15,53.04579716419896,53.769353790909406,52.29510479198114,53.38948440551758,3918000,53.38948440551758,USD
2022-07-18,53.92311346776747,54.76424920878528,53.25382481481834,53.45280075073242,3704900,53.45280075073242,USD
2022-07-19,54.230621110040175,55.379268786594174,54.04068813876965,54.9903564453125,5173200,54.9903564453125,USD
2022-07-20,54.37533012079191,55.75913580296361,54.37533012079191,55.42448806762695,5669700,55.42448806762695,USD
2022-07-21,55.21646484097959,55.442576493440754,54.42055085826307,55.27073287963867,3741500,55.27073287963867,USD
2022-07-22,55.50588852670926,55.96715823853396,54.56526665687925,55.03557586669922,3106400,55.03557586669922,USD
2022-07-25,55.38831706156669,56.0123840383911,54.97226896016008,55.74105072021485,2843100,55.74105072021485,USD
2022-07-26,55.51493314976651,55.98524579473638,55.17124247648277,55.39735412597656,2601400,55.39735412597656,USD
2022-07-27,55.695825993479886,56.49173655606111,55.35213530270745,56.30180358886719,3364800,56.30180358886719,USD
2022-07-28,56.14804727160696,56.35606957813134,54.94513162278644,55.94002151489258,4426000,55.94002151489258,USD
2022-07-29,56.28371326221873,57.63134025640071,55.813400601503886,57.20624923706055,5638600,57.20624923706055,USD
2022-08-01,56.74498463854853,57.052496639179,56.1299606372876,56.88064956665039,3634300,56.88064956665039,USD
2022-08-02,56.88065376607346,56.94396476056653,56.012385741433846,56.084739685058594,4002200,56.084739685058594,USD
2022-08-03,56.211363135263966,57.67656580627269,56.18422738844822,57.52280807495117,5137500,57.52280807495117,USD
2022-08-04,58.06546996604772,58.68049394072049,57.477581735974354,57.70369338989258,7369900,57.70369338989258,USD
2022-08-05,57.56803087196501,58.14687617814054,57.05249655551555,57.25147247314453,4169000,57.25147247314453,USD
2022-08-08,57.66171281789827,57.93520641241169,57.13295552120055,57.37910079956055,3466400,57.37910079956055,USD
2022-08-09,57.743763770679,58.76480819111424,57.670830287532254,58.25428771972656,3511400,58.25428771972656,USD
2022-08-10,59.12946440081413,60.1505122255079,58.92890081423863,60.10492706298828,4220100,60.10492706298828,USD
2022-08-11,60.66104197410775,61.60915646647159,60.6428051241721,60.79779052734375,4689300,60.79779052734375,USD
2022-08-12,60.90716960343557,61.88263218792567,60.90716960343557,61.81881713867188,3965900,61.81881713867188,USD
2022-08-15,61.02570063257057,61.62738451130056,60.83425544591466,61.39035415649414,3979200,61.39035415649414,USD
2022-08-16,61.21713709651554,61.98291773402459,61.17155193486037,61.68207931518555,2595700,61.68207931518555,USD
2022-08-17,60.980115637204285,61.85529661667686,60.89807068068505,61.50887298583984,3101700,61.50887298583984,USD
2022-08-18,61.4268171873934,62.11055293640618,61.3356538119223,62.00115966796875,2562200,62.00115966796875,USD
2022-08-19,61.67296631600063,61.74589979893583,61.27183911517677,61.43593597412109,3154700,61.43593597412109,USD
2022-08-22,60.59721320769209,60.59721320769209,59.89524070562726,60.086692810058594,3676600,60.086692810058594,USD
2022-08-23,60.30548710537936,60.46046552032708,59.85878175128112,59.86789321899414,3011400,59.86789321899414,USD
2022-08-24,59.70381021564114,60.39666446491709,59.47589827426409,60.20521926879883,2594500,60.20521926879883,USD
2022-08-25,60.46047930870427,61.33566032574616,60.26903411328765,61.326541900634766,2855700,61.326541900634766,USD
2022-08-26,61.61826529651541,61.837065754448176,59.83143662198478,59.87702178955078,3356700,59.87702178955078,USD
2022-08-29,59.39384484691958,60.09581046594983,59.09299945791255,59.64910507202149,2942400,59.64910507202149,USD
2022-08-30,59.7220447118993,59.92260832525687,58.79216013275424,59.23887252807617,3883900,59.23887252807617,USD
2022-08-31,59.43943035849964,59.51236384758097,58.60071610002533,58.64630126953125,4574900,58.64630126953125,USD
2022-09-01,58.33634085610096,59.175058591658114,57.58878650417255,59.111236572265625,4042300,59.111236572265625,USD
2022-09-02,59.84967386416999,60.816018216098826,58.99272278660588,59.311798095703125,4609600,59.311798095703125,USD
2022-09-06,59.60352323441199,59.9499538066574,58.755690607825926,59.30268478393555,4276600,59.30268478393555,USD
2022-09-07,59.02918112335315,60.57897923558381,58.974484493960254,60.3237190246582,3491700,60.3237190246582,USD
2022-09-08,60.232562150204544,61.162439726718446,59.97730191176229,60.916297912597656,6856900,60.916297912597656,USD
2022-09-09,61.29918082749429,61.95556819254623,61.18978757019831,61.663841247558594,3786300,61.663841247558594,USD
2022-09-12,62.210846134578006,62.8307669388138,62.00117102810882,62.46610641479492,3306800,62.46610641479492,USD
2022-09-13,61.335653757082994,61.95557444717978,60.41488766841284,60.59722137451172,5815200,60.59722137451172,USD
2022-09-14,60.96187566434741,61.52709270777604,60.04110966882404,60.542518615722656,3658300,60.542518615722656,USD
2022-09-15,60.42400386501215,60.92541284414995,59.712919825739945,59.88613510131836,5801300,59.88613510131836,USD
2022-09-16,59.58529641584969,59.58529641584969,58.57336687527535,59.33003616333008,10163100,59.33003616333008,USD
2022-09-19,58.65541238518205,60.50606314402014,58.61895259618176,60.42401123046875,5107500,60.42401123046875,USD
2022-09-20,60.12316111006336,60.12316111006336,59.056535004452094,59.70380401611328,4218300,59.70380401611328,USD
2022-09-21,60.077582002562536,60.369308974663554,58.80127389137572,58.81950378417969,3637200,58.81950378417969,USD
2022-09-22,58.88331114647792,59.14768976716135,57.72552183344784,57.86227035522461,4480100,57.86227035522461,USD
2022-09-23,57.08737429749591,57.34263800174797,55.60139114679384,56.39452362060547,5009500,56.39452362060547,USD
2022-09-26,55.83842168563234,56.58597252223127,55.08175242453392,55.48287963867188,4195700,55.48287963867188,USD
2022-09-27,55.865765558132935,56.19395926079795,54.75355781624114,55.39170837402344,3838900,55.39170837402344,USD
2022-09-28,55.19114901287067,56.90504407379007,55.15468227259755,56.39452362060547,4762700,56.39452362060547,USD
2022-09-29,55.801950332114345,56.02986223852977,54.74443922545316,55.67432022094727,4845000,55.67432022094727,USD
2022-09-30,55.99340041689444,56.64978787787399,55.32789800902795,55.40994644165039,5510300,55.40994644165039,USD
2022-10-03,56.21219471967822,57.424687779843424,55.31878042792169,57.08737564086914,4854900,57.08737564086914,USD
2022-10-04,58.008135585007416,59.749382296561286,57.989902216372464,59.67644882202149,4337000,59.67644882202149,USD
2022-10-05,58.865086285483954,59.82231906438855,58.755686067651645,59.49412536621094,3087500,59.49412536621094,USD
2022-10-06,59.18417183272019,59.70381078580956,58.60071781364864,58.846866607666016,4747700,58.846866607666016,USD
2022-10-07,58.37279668563734,58.63717533320027,57.16942209122784,57.661712646484375,3725000,57.661712646484375,USD
2022-10-10,58.05372727659305,58.52778103219373,57.37910643142888,57.78934860229492,2796400,57.78934860229492,USD
2022-10-11,57.51585397643764,58.66452855714118,57.36999048241719,57.72553253173828,3918200,57.72553253173828,USD
2022-10-12,57.74376548658764,58.21782270814887,57.03268139307579,57.0509147644043,4230300,57.0509147644043,USD
2022-10-13,56.31247972445696,59.72204370579615,55.65609225737004,59.47589492797852,6515100,59.47589492797852,USD
2022-10-14,59.767621113729845,60.73397240740781,58.883321729993206,59.36650085449219,4847900,59.36650085449219,USD
2022-10-17,60.67926512673883,61.14420737395404,60.05023298025661,60.414886474609375,4497800,60.414886474609375,USD
2022-10-18,61.755024077714246,61.97382457190584,60.81602789493587,61.42683029174805,3757700,61.42683029174805,USD
2022-10-19,61.299190775513246,61.91911150363149,60.679270047395,61.39035415649414,3105600,61.39035415649414,USD
2022-10-20,61.098617330806526,61.55444111766976,59.87701292056621,60.18696975708008,4430000,60.18696975708008,USD
2022-10-21,60.44224279306864,62.15613789429034,60.1869756051542,62.04673767089844,5274400,62.04673767089844,USD
2022-10-24,62.15614374008646,63.58743042630811,62.08321025096578,63.250118255615234,6390000,63.250118255615234,USD
2022-10-25,62.70312596868118,64.77257008574631,62.58461427485569,64.66316986083984,5481800,64.66316986083984,USD
2022-10-26,64.96401171397612,65.39248721063649,64.44437284586701,64.5902328491211,3348500,64.5902328491211,USD
2022-10-27,65.04606578213433,65.72068317182986,64.76345720442141,64.86373901367188,3204700,64.86373901367188,USD
2022-10-28,65.29220098583845,66.74171727289634,65.18280077433035,66.67790222167969,3968300,66.67790222167969,USD
2022-10-31,66.39530610150598,67.06992347682079,66.34972093270191,66.74172973632812,4705700,66.74172973632812,USD
2022-11-01,67.16108541416072,67.76277624389218,67.02433686601084,67.40723419189453,3891500,67.40723419189453,USD
2022-11-02,67.37987958203732,68.84762586548695,66.96051555211521,67.06991577148438,6051700,67.06991577148438,USD
2022-11-03,66.24032740467554,67.25224998614696,65.13722753062179,66.65056610107422,4554200,66.65056610107422,USD
2022-11-04,67.58043997625677,67.89040380404775,66.63232555495472,67.56221008300781,3364600,67.56221008300781,USD
2022-11-07,68.01195002068762,68.24141004572542,67.24096769779149,67.85591888427734,5016500,67.85591888427734,USD
2022-11-08,67.65397936504694,67.88343934403674,66.73613944908772,67.37863159179688,4074100,67.37863159179688,USD
2022-11-09,67.02984669428783,67.66315846533028,66.53421230858886,66.79120635986328,3528200,66.79120635986328,USD
2022-11-10,68.46167760816846,69.36116382845707,68.21386390605797,68.58100128173828,5099000,68.58100128173828,USD
2022-11-11,68.94814727929118,69.41624066431909,68.10372910886421,68.36990356445312,5303100,68.36990356445312,USD
2022-11-14,68.1129157989166,68.67279884328734,67.69071017575523,67.72742462158203,4540900,67.72742462158203,USD
2022-11-15,68.50757750345701,68.7278571442301,67.60809821880486,68.17715454101562,4088500,68.17715454101562,USD
2022-11-16,68.28730190610894,68.6727930509284,68.05784189096917,68.2505874633789,4696400,68.2505874633789,USD
2022-11-17,67.69071563599037,68.83801590100715,67.50715039461372,68.73705291748047,3714200,68.73705291748047,USD
2022-11-18,69.70994597996912,69.91187190264155,69.06746077379644,69.29692077636719,4626200,69.29692077636719,USD
2022-11-21,69.16843020781738,69.81091547411295,68.92060946041467,69.6548843383789,3945200,69.6548843383789,USD
2022-11-22,70.08626966518351,70.75628900784703,69.77420039399561,70.60025787353516,3126400,70.60025787353516,USD
2022-11-23,70.41667938232422,70.76545602901797,70.29735571176262,70.41667938232422,2554700,70.41667938232422,USD
2022-11-25,70.57273944052844,71.00412549786631,70.49931053660588,70.6278076171875,1196500,70.6278076171875,USD
2022-11-28,70.03121001539243,70.6369809056639,69.33364950312877,69.50804138183594,3616800,69.50804138183594,USD
2022-11-29,69.46213419377936,70.17804830133782,69.11335750107656,69.8200912475586,2978500,69.8200912475586,USD
2022-11-30,69.29692540361687,70.64615142923661,68.73704239975339,70.39833068847656,6392700,70.39833068847656,USD
2022-12-01,70.6920438769231,70.97657907955238,70.19641636796005,70.35244750976562,4056500,70.35244750976562,USD
2022-12-02,69.81091763337919,70.69204331265115,69.81091763337919,70.5910873413086,2438500,70.5910873413086,USD
2022-12-05,70.11379882254249,70.34325882837686,68.78293358972866,69.20513916015625,3237400,69.20513916015625,USD
2022-12-06,69.18678382967636,69.62735015633774,68.62690081160619,69.09500122070312,2453100,69.09500122070312,USD
2022-12-07,68.67278381794323,69.56308967739507,68.29647308504184,68.46167755126953,3514500,68.46167755126953,USD
2022-12-08,69.02157247563186,69.02157247563186,67.40617894717333,67.56221008300781,3705100,67.56221008300781,USD
2022-12-09,67.08493112257435,67.58974599045047,66.16709100102824,66.25888061523438,4479700,66.25888061523438,USD
2022-12-12,66.32313025850507,67.250143755003,65.68981832317193,67.16754150390625,4687000,67.16754150390625,USD
2022-12-13,68.2046942790068,68.56265135092026,66.81876079649635,67.21343231201172,4743600,67.21343231201172,USD
2022-12-14,67.49795331139781,67.91097850346453,66.50668444736165,66.85546112060547,3117000,66.85546112060547,USD
2022-12-15,65.97433929426863,66.1946259448464,65.26760554738198,65.80912780761719,4744800,65.80912780761719,USD
2022-12-16,64.98308648972866,65.84585148317363,64.82704833971337,65.59803771972656,8784100,65.59803771972656,USD
2022-12-19,65.81830726220329,66.3139417153314,64.98307648193152,65.3134994506836,3670200,65.3134994506836,USD
2022-12-20,65.54296218896292,66.4699756097413,65.51542110494907,65.89173889160156,3112400,65.89173889160156,USD
2022-12-21,66.49750408679742,67.21342515697688,66.24051001150582,66.85546112060547,2962800,66.85546112060547,USD
2022-12-22,66.51588359479938,66.76369737951974,64.96473134181183,65.90093231201172,3136700,65.90093231201172,USD
2022-12-23,65.89172381251366,66.5892840607207,65.59801533998896,66.33228302001953,1940500,66.33228302001953,USD
2022-12-27,66.4975210532276,66.79122964315069,66.10284947902798,66.37820434570312,2409100,66.37820434570312,USD
2022-12-28,66.55257978139457,66.66271609879524,65.79995126804855,65.91008758544922,1987100,65.91008758544922,USD
2022-12-29,66.18545458055779,67.00233176377397,66.07531124029678,66.69026947021484,1786500,66.69026947021484,USD
2022-12-30,66.36901998225426,66.80958634186533,65.94681434734954,66.4240951538086,2444600,66.4240951538086,USD
2023-01-03,66.48833479147551,66.92889408959135,65.78159403867585,66.22216033935547,3107200,66.22216033935547,USD
2023-01-04,66.68107759438416,67.525488716224,66.54340019347119,67.17671203613281,3659400,67.17671203613281,USD
2023-01-05,67.1032779379884,67.24095532819688,66.03858025644318,66.63517761230469,2965800,66.63517761230469,USD
2023-01-06,67.46123908912621,67.84673020330601,67.16753057319445,67.53466796875,3890900,67.53466796875,USD
2023-01-09,66.35984670963742,66.86465459868967,65.25843431044528,65.47871398925781,4854200,65.47871398925781,USD
2023-01-10,65.45117133424863,65.7173457874685,64.7811520231812,65.68981170654297,3230800,65.68981170654297,USD
2023-01-11,65.55213429935147,65.87337691442241,65.32267428822026,65.68981170654297,2950300,65.68981170654297,USD
2023-01-12,65.80913299022873,66.38737674032862,65.47870999090432,65.52460479736328,3979800,65.52460479736328,USD
2023-01-13,64.97389074321948,66.0844762397183,64.79949891232226,66.01104736328125,2418900,66.01104736328125,USD
2023-01-17,66.01105432161391,66.19462653205717,65.50624649866351,65.68981170654297,3081600,65.68981170654297,USD
2023-01-18,65.3777567062868,65.97434719936854,64.32223913746093,64.39566802978516,3739800,64.39566802978516,USD
2023-01-19,64.11113051021256,64.23962756586285,63.44111114897387,63.72563934326172,3516500,63.72563934326172,USD
2023-01-20,64.11114081404821,64.55170722034508,63.53290397068869,64.42321014404297,4296800,64.42321014404297,USD
2023-01-23,64.48744670616018,65.23089493849378,64.16620407506322,64.88211822509766,7660300,64.88211822509766,USD
2023-01-24,63.78989575561858,65.41446987574808,63.06480113621811,65.13912200927734,3171300,65.13912200927734,USD
2023-01-25,64.65266465225538,65.69900189939028,64.56087503201576,65.6806411743164,2561700,65.6806411743164,USD
2023-01-26,65.86420190113628,66.3231219118694,65.30431892783677,66.28640747070312,3957100,66.28640747070312,USD
2023-01-27,66.18545672417659,66.72697907556147,66.11202782829103,66.12120819091797,2491400,66.12120819091797,USD
2023-01-30,65.77241849585083,66.67189778446168,65.77241849585083,66.23133850097656,2984300,66.23133850097656,USD
2023-01-31,66.24970848134686,67.10330018050125,65.56132830469221,67.02069091796875,4274300,67.02069091796875,USD
2023-02-01,66.46997017733234,67.25931312635038,66.05694498421138,66.70861053466797,4965200,66.70861053466797,USD
2023-02-02,66.96561196884504,67.16753790858114,63.03725751327978,63.98263168334961,8329400,63.98263168334961,USD
2023-02-03,63.85412724524178,64.39565647576478,63.587952810247536,64.0560531616211,4653600,64.0560531616211,USD
2023-02-06,64.08378265685545,64.87882149761079,63.76946858418623,64.79561614990234,4945000,64.79561614990234,USD
2023-02-07,64.38887178810923,66.13610690244676,64.23171471611165,65.87725830078125,4129200,65.87725830078125,USD
2023-02-08,65.50747112751736,66.10837369345855,65.09146545660943,65.8587646484375,4077200,65.8587646484375,USD
2023-02-09,66.31176212658417,66.70003505798381,65.38729873576831,65.44276428222656,3870200,65.44276428222656,USD
2023-02-10,65.18391154795083,66.03441612108846,65.08222001713051,66.00668334960938,3015400,66.00668334960938,USD
2023-02-13,66.02516735647163,67.0235894156826,65.85876367993647,66.9218978881836,2935500,66.9218978881836,USD
2023-02-14,66.84794512359103,67.19924572393143,66.22855634827997,66.60758972167969,2783000,66.60758972167969,USD
2023-02-15,66.44117301605438,66.98660292097384,66.20081060812817,66.9681167602539,2924200,66.9681167602539,USD
2023-02-16,66.46891343392141,67.5967598011987,66.43193405513088,66.99585723876953,3215300,66.99585723876953,USD
2023-02-17,66.94963162619199,67.57826696295369,66.718515797281,67.0605697631836,7285400,67.0605697631836,USD
2023-02-21,66.5613503157957,66.71850736685423,65.15616935693492,65.68311309814453,4008200,65.68311309814453,USD
2023-02-22,65.58143557106573,65.84028419345762,65.09147109966737,65.50747680664062,2484600,65.50747680664062,USD
2023-02-23,65.84027500624026,66.36721878632251,64.78638744607576,65.24861907958984,3646000,65.24861907958984,USD
2023-02-24,64.64773059235901,66.77399938976724,64.63848398281299,66.4134521484375,5222400,66.4134521484375,USD
2023-02-27,66.52438250764561,66.92190203438071,66.1176163724481,66.35797882080078,3049500,66.35797882080078,USD
2023-02-28,66.63530538102764,66.83868840202301,66.28400487091051,66.3117446899414,3567000,66.3117446899414,USD
2023-03-01,66.10837377186164,67.22697353903185,65.78481302153891,65.8864974975586,4878200,65.8864974975586,USD
2023-03-02,65.59992102792413,65.61841424537889,63.50139224494682,64.14851379394531,6886300,64.14851379394531,USD
2023-03-03,64.47205728251905,65.26709614561015,64.02831892592039,65.01749420166016,4587400,65.01749420166016,USD
2023-03-06,64.97127218445522,65.32257271236453,64.15774711236551,64.42584228515625,3934100,64.42584228515625,USD
2023-03-07,64.41659306279715,64.81411250243654,63.49212990578404,64.0005874633789,4891200,64.0005874633789,USD
2023-03-08,64.00058858366295,64.28716991036327,61.54151315747855,62.40126419067383,5887800,62.40126419067383,USD
2023-03-09,62.44749672668826,62.67861254425099,59.45223065284683,59.785037994384766,7451200,59.785037994384766,USD
2023-03-10,58.86056935605386,59.22110943432288,57.42765212315637,57.66801452636719,9989700,57.66801452636719,USD
2023-03-13,55.46779019941111,56.068692670523575,54.02562638466945,54.50634765625,10247300,54.50634765625,USD
2023-03-14,56.33679288906734,56.64186747436595,54.034881220104445,54.60804748535156,10939900,54.60804748535156,USD
2023-03-15,52.28764177356597,53.20285840016636,51.20601795620953,52.04727935791016,9897600,52.04727935791016,USD
2023-03-16,51.63127790424559,53.49869433846136,50.40174345356044,53.33229064941406,7764300,53.33229064941406,USD
2023-03-17,52.75911581489091,53.02721099573107,50.60511834072208,50.72529602050781,13077500,50.72529602050781,USD
2023-03-20,51.03961071728972,53.22134436051281,51.03961071728972,52.67591094970703,9909800,52.67591094970703,USD
2023-03-21,54.136565792102616,54.58955078130803,53.86847062005612,54.108829498291016,8011300,54.108829498291016,USD
2023-03-22,54.03488363673204,54.42315655187954,51.77919080056828,51.87163925170898,5599500,51.87163925170898,USD
2023-03-23,51.8808756145552,52.26915200596559,50.0134594619323,50.1983528137207,5849700,50.1983528137207,USD
2023-03-24,49.07975710027012,50.26306900450771,48.83939819217723,50.24457931518555,6625300,50.24457931518555,USD
2023-03-27,51.390916264711926,51.92710315822709,50.4572098601978,51.63127517700195,5466400,51.63127517700195,USD
2023-03-28,51.52033447461168,51.77918304594399,50.79925429644466,51.24299621582031,5199300,51.24299621582031,USD
2023-03-29,52.12123557847762,52.25065986067821,51.52957970181939,52.22292709350586,4827800,52.22292709350586,USD
2023-03-30,52.79609635293542,53.48019717764214,52.50026839740591,52.74062728881836,4868500,52.74062728881836,USD
2023-03-31,53.18437047122125,53.60962625301162,53.064192785966185,53.56340026855469,6143500,53.56340026855469,USD
2023-04-03,53.86847520828079,54.3861759094434,53.46171263871927,53.59113693237305,4840000,53.59113693237305,USD
2023-04-04,54.2659913966244,54.33070353951581,52.44479773555873,53.101165771484375,5373800,53.101165771484375,USD
2023-04-05,52.601957844382895,54.32145644564736,52.55573186283421,54.22901153564453,5258100,54.22901153564453,USD
2023-04-06,54.54333533572113,54.91312207065017,54.33995227885539,54.60804748535156,4250700,54.60804748535156,USD
2023-04-10,54.46937509615812,55.23668131596795,54.46013201498282,54.98707580566406,2913300,54.98707580566406,USD
2023-04-11,55.09801020694907,55.95776134149465,54.72822701000801,55.578731536865234,4326100,55.578731536865234,USD
2023-04-12,55.78211774498445,56.39226340469464,55.19970485681407,55.47704315185547,4242800,55.47704315185547,USD
2023-04-13,55.32912025244623,55.39383239332019,54.746710984580574,55.264408111572266,4443300,55.264408111572266,USD
2023-04-14,55.85606886065703,56.29981433187105,55.51401843953756,56.04096221923828,4332100,56.04096221923828,USD
2023-04-17,55.65269090986878,56.90071494403637,55.35686293841354,56.89147186279297,3841800,56.89147186279297,USD
2023-04-18,57.1040928671547,57.14107224190161,56.63261465549975,56.67884063720703,4018400,56.67884063720703,USD
2023-04-19,56.7805315020658,57.31672188339518,56.558662295448265,57.141075134277344,5445500,57.141075134277344,USD
2023-04-20,56.82675554197934,57.02089197276483,56.077939060531584,56.216609954833984,4059200,56.216609954833984,USD
2023-04-21,56.03171264126118,56.11491446664795,55.20894099385153,55.62494659423828,3897900,55.62494659423828,USD
2023-04-24,55.51401731261523,55.89304710306623,55.45855177475004,55.846824645996094,4816500,55.846824645996094,USD
2023-04-25,55.27366680657934,55.27366680657934,54.4139155737448,54.73747634887695,3867700,54.73747634887695,USD
2023-04-26,54.58954917982235,55.319875926435046,54.081095144457386,54.46936798095703,4378500,54.46936798095703,USD
2023-04-27,54.55257050678513,55.85606344490368,54.55257050678513,55.75437545776367,6748300,55.75437545776367,USD
2023-04-28,55.53251232572083,56.82676240707379,55.33837587148221,56.69733810424805,4721700,56.69733810424805,USD
2023-05-01,56.34603659584549,57.13182895892552,56.290567530497874,56.63261795043945,4704700,56.63261795043945,USD
2023-05-02,56.087189507739645,56.23510702858201,53.93319174541586,54.94085693359375,4774300,54.94085693359375,USD
2023-05-03,55.17196466476722,56.02246912537628,54.22901176721332,54.27523422241211,6285400,54.27523422241211,USD
2023-05-04,53.67433957221919,53.74829480118078,49.17220083720477,50.022708892822266,12380300,50.022708892822266,USD
2023-05-05,50.86396576401589,51.5573131650632,50.40173416331769,50.531158447265625,6801200,50.531158447265625,USD
2023-05-08,50.70850250167533,51.18450563607122,49.97116103193059,50.11116027832031,5420000,50.11116027832031,USD
2023-05-09,49.46714974120904,49.58848525635948,48.953812106921774,49.27114868164063,7741400,49.27114868164063,USD
2023-05-10,49.41114915056435,49.53248466875482,47.92713447872974,48.36580657958984,9041900,48.36580657958984,USD
2023-05-11,47.88980124432608,48.04846774802507,47.4044627546993,47.81513214111328,6096600,47.81513214111328,USD
2023-05-12,47.8431328626756,47.91780196836691,45.92044967657049,46.87245941162109,12674800,46.87245941162109,USD
2023-05-15,46.67646302062367,47.35780626874312,46.45246278488593,47.11513519287109,10654300,47.11513519287109,USD
2023-05-16,47.171131453289256,47.171131453289256,45.68711671546145,45.84578323364258,10426800,45.84578323364258,USD
2023-05-17,46.26579024032925,48.33781185506914,46.13512285208787,48.25381088256836,6853400,48.25381088256836,USD
2023-05-18,48.24447279555086,48.47780842177112,47.7311351299501,48.42181015014648,5315900,48.42181015014648,USD
2023-05-19,48.767141453969074,48.907144241162335,47.94579912730076,48.14180374145508,5965100,48.14180374145508,USD
2023-05-22,48.17913592871928,48.953811865699386,47.871134773832175,48.87914276123047,4044300,48.87914276123047,USD
2023-05-23,48.93514792958543,49.35515276984279,48.36580843061648,48.38447570800781,4350100,48.38447570800781,USD
2023-05-24,48.09513651619929,48.19780475794296,46.76979191293847,46.90045928955078,5656200,46.90045928955078,USD
2023-05-25,49.53248923776111,49.53248923776111,48.141810821031264,49.25248718261719,9299300,49.25248718261719,USD
2023-05-26,49.18715007894053,49.51381852722832,48.34714041131616,48.356475830078125,5274300,48.356475830078125,USD
2023-05-30,48.7951528141617,48.7951528141617,47.73114275821704,48.207149505615234,4277400,48.207149505615234,USD
2023-05-31,47.55380082040429,47.69380005836772,46.088453388455406,46.24711990356445,8296800,46.24711990356445,USD
2023-06-01,46.4524539044891,47.36712907313383,46.24711742730108,47.02179336547852,4951400,47.02179336547852,USD
2023-06-02,47.81513061051447,49.82181818988776,47.44179578765762,49.43914794921875,6943200,49.43914794921875,USD
2023-06-05,49.663153375480526,49.663153375480526,48.7298108791456,49.14048385620117,5527200,49.14048385620117,USD
2023-06-06,49.215150905500586,50.24182981903307,49.08448352169553,49.84049224853516,4235100,49.84049224853516,USD
2023-06-07,49.8871550925039,51.39916887755631,49.72848502322505,51.19383239746094,6209700,51.19383239746094,USD
2023-06-08,51.175166634703466,51.35250041288128,49.87781767921111,50.17648696899414,5200400,50.17648696899414,USD
2023-06-09,50.26982768747025,50.69916438354875,50.04582392058372,50.27915954589844,3701400,50.27915954589844,USD
2023-06-12,50.19516363108435,50.8671714389701,49.90582970523755,50.40983200073242,3976700,50.40983200073242,USD
2023-06-13,50.51249520497992,51.67917333233343,50.44716151468165,51.49250411987305,7442100,51.49250411987305,USD
2023-06-14,51.623171760604215,52.27650862181889,50.23248995512114,50.34449005126953,4402400,50.34449005126953,USD
2023-06-15,50.14849699488984,51.57651002000517,50.10183057741655,51.483177185058594,5212900,51.483177185058594,USD
2023-06-16,51.6138373874904,52.108511312965405,51.12849888046112,51.80050659179688,10278200,51.80050659179688,USD
2023-06-20,51.28716745696385,51.49250037134536,50.15782396639968,50.88582992553711,5981400,50.88582992553711,USD
2023-06-21,50.848499926771794,51.46450584591256,50.50316419220993,50.91383361816406,4225000,50.91383361816406,USD
2023-06-22,50.87649543860214,50.87649543860214,49.90582199545806,50.26982498168945,4227900,50.26982498168945,USD
2023-06-23,49.47648125690674,50.213822640185946,49.43915026516539,49.77515411376953,7023000,49.77515411376953,USD
2023-06-26,50.00849321643105,50.82050020031743,49.50448740832815,50.45649719238281,5637900,50.45649719238281,USD
2023-06-27,50.98850183683765,51.576505049084574,50.43782961871975,51.31517028808594,4812400,51.31517028808594,USD
2023-06-28,51.04449959252882,51.25916793838302,50.32582544662439,51.212501525878906,5112000,51.212501525878906,USD
2023-06-29,51.576503733454686,52.53784890624138,51.501838186682136,52.4351806640625,5015100,52.4351806640625,USD
2023-06-30,52.73385312774142,53.09785614603575,52.37918196819498,52.7618522644043,5850600,52.7618522644043,USD
2023-07-03,52.92984812930354,53.95652693425848,52.84584716853831,53.46185302734375,2429100,53.46185302734375,USD
2023-07-05,52.57518457664312,53.29385516632333,52.388515365118,52.99518585205078,3786900,52.99518585205078,USD
2023-07-06,52.45384465026669,53.097849637507856,52.425841956617056,52.92984771728516,4467000,52.92984771728516,USD
2023-07-07,52.87385516426607,54.15253341931578,52.85518788662209,53.76986312866211,4615900,53.76986312866211,USD
2023-07-10,53.601858194569445,54.28319776860956,53.39652171238074,53.58319091796875,4030200,53.58319091796875,USD
2023-07-11,53.87253289214823,55.375214960810986,53.87253289214823,55.29121398925781,5992800,55.29121398925781,USD
2023-07-12,55.99121740611702,56.19655033233492,54.61920280980488,54.78720474243164,5803100,54.78720474243164,USD
2023-07-13,54.80587077815952,55.43120852178127,54.67520340250238,55.22587203979492,4034100,55.22587203979492,USD
2023-07-14,55.30987462956687,55.37521187973443,53.85386261755002,54.283199310302734,3357900,54.283199310302734,USD
2023-07-17,54.15253211639306,55.40321120509475,54.08719842642066,55.06720733642578,2873300,55.06720733642578,USD
2023-07-18,54.83387288672868,55.96321647806539,54.78720647295146,55.41254425048828,3308700,55.41254425048828,USD
2023-07-19,55.32853849309905,56.2712163477426,55.24453753140229,56.24321365356445,4294800,56.24321365356445,USD
2023-07-20,56.663226989785336,57.07390000229472,56.29922395445702,56.87789535522461,3216800,56.87789535522461,USD
2023-07-21,57.055226004526446,57.251227068095545,56.49521838807606,57.12055969238281,3341100,57.12055969238281,USD
2023-07-24,57.23256205250868,58.38990832389257,57.19522749785328,57.84856796264648,2891600,57.84856796264648,USD
2023-07-25,57.77390174437473,57.96056739465082,57.32589421453877,57.605899810791016,3158600,57.605899810791016,USD
2023-07-26,57.87656800870046,58.79124681004831,57.76456790339183,58.66057586669922,3073700,58.66057586669922,USD
2023-07-27,58.884583021306135,59.11791866435134,58.16590881347656,58.16590881347656,3852900,58.16590881347656,USD
2023-07-28,58.75390316376448,58.79123771323027,57.997894558965946,58.38990020751953,3802500,58.38990020751953,USD
2023-07-31,58.5579070415744,58.949909162657725,58.52990434691208,58.77257537841797,3069000,58.77257537841797,USD
2023-08-01,58.49257699417896,58.81924902904414,58.24057763413178,58.6325798034668,4311200,58.6325798034668,USD
2023-08-02,58.45524156601302,59.17391571573184,58.21257052303313,58.56724166870117,6407800,58.56724166870117,USD
2023-08-03,59.295252649367335,60.50860084518138,58.52991202271441,60.12592697143555,5455200,60.12592697143555,USD
2023-08-04,60.23792013975604,60.797924162925895,59.16457494152526,59.29524230957031,4204600,59.29524230957031,USD
2023-08-07,59.65284431129241,60.85738080971853,59.65284431129241,60.396270751953125,3821300,60.396270751953125,USD
2023-08-08,59.37993965434015,59.93515636280154,58.636516812679815,59.7563591003418,4362300,59.7563591003418,USD
2023-08-09,59.596380984649386,60.07631235039775,58.8905972416183,58.93764877319336,2921300,58.93764877319336,USD
2023-08-10,58.90942497570121,59.681081711800246,58.49536640187808,58.96588897705078,3915000,58.96588897705078,USD
2023-08-11,58.98470707811228,60.01044637936409,58.7776760076461,59.89752197265625,2854200,59.89752197265625,USD
2023-08-14,59.76577492171169,60.19865841189756,59.64344163886566,59.82223892211914,2764600,59.82223892211914,USD
2023-08-15,59.14467961136099,59.40817466488836,58.14717416165654,58.21304702758789,3677300,58.21304702758789,USD
2023-08-16,58.128349202002575,58.74002628887428,57.8836754954125,58.02483367919922,2573300,58.02483367919922,USD
2023-08-17,58.44831173374577,59.16350443021296,58.09071359061109,58.19422912597656,3764300,58.19422912597656,USD
2023-08-18,57.70487372578745,58.8905923253839,57.63900086912114,58.589454650878906,3225400,58.589454650878906,USD
2023-08-21,58.589454933585614,58.87177128043369,57.827210848539934,58.297733306884766,2137800,58.297733306884766,USD
2023-08-22,58.184810879995695,58.66474222414488,57.497844908669954,57.70487594604492,2524300,57.70487594604492,USD
2023-08-23,57.74252402783546,58.15658255166591,57.45079877412191,58.0907096862793,2251400,58.0907096862793,USD
2023-08-24,58.03424020123265,59.20113751588688,57.836621623769126,58.59886932373047,2418100,58.59886932373047,USD
2023-08-25,58.79649038513075,59.04116409215686,58.062476443655925,58.73061752319336,2109500,58.73061752319336,USD
2023-08-28,58.81531761732528,59.27643128695804,58.65534167651116,58.84354782104492,2134600,58.84354782104492,USD
2023-08-29,59.0693982858056,59.4175839495532,58.65533975566796,59.14468002319336,2834700,59.14468002319336,USD
2023-08-30,59.33288946136372,59.67166625245776,59.06939799709145,59.229373931884766,2343500,59.229373931884766,USD
2023-08-31,59.40817060029693,59.74694736750942,59.11644536413025,59.60578918457031,4953500,59.60578918457031,USD
2023-09-01,60.03867113859278,60.75386376928343,60.03867113859278,60.50919723510742,3087100,60.50919723510742,USD
2023-09-05,60.50919712367836,61.036180032753066,59.99161949540594,60.010440826416016,3978900,60.010440826416016,USD
2023-09-06,59.62461568077453,60.10454708270525,59.210553556173416,59.47404861450195,3028200,59.47404861450195,USD
2023-09-07,59.23878153962922,59.756355554820885,58.81531058545362,59.06939315795898,3155400,59.06939315795898,USD
2023-09-08,59.02234750865932,59.9163374467974,58.86236798122906,59.57756423950195,2821300,59.57756423950195,USD
2023-09-11,59.91632949309172,60.443319540622646,59.51168347227637,59.66225051879883,2188200,59.66225051879883,USD
2023-09-12,59.78459242863436,60.79151037107064,59.69048935711402,60.21747589111328,3328300,60.21747589111328,USD
2023-09-13,60.42449972706747,60.64094324017164,59.77517995716054,60.02926254272461,4550200,60.02926254272461,USD
2023-09-14,61.26202559340513,62.08073729504408,60.913843552393466,62.043094635009766,4939900,62.043094635009766,USD
2023-09-15,61.51612201030426,62.278366259178895,61.47847934399379,61.77961349487305,7686200,61.77961349487305,USD
2023-09-18,61.779615602612736,62.46657454230347,61.31850548888563,62.39129638671875,3644800,62.39129638671875,USD
2023-09-19,62.5794958241827,62.88062995299461,62.01487023011087,62.447750091552734,3331100,62.447750091552734,USD
2023-09-20,62.73006327964441,63.03119739310082,62.174842995069525,62.193660736083984,4142500,62.193660736083984,USD
2023-09-21,61.97722640915542,61.98663886976863,60.66917438846824,60.87620544433594,4891400,60.87620544433594,USD
2023-09-22,60.87620991625663,61.48788348857576,60.53743310533298,60.62212371826172,2492900,60.62212371826172,USD
2023-09-25,60.33980516807207,61.23379500450034,60.24569492878216,61.2149772644043,2335700,61.2149772644043,USD
2023-09-26,60.7444590781681,61.21498158944871,59.32347908381161,59.34230041503906,5531000,59.34230041503906,USD
2023-09-27,59.45522767807152,59.63402494864668,58.39184574618268,59.09762954711914,7114600,59.09762954711914,USD
2023-09-28,58.97529459699184,59.5963878081814,58.94706439277492,59.19173812866211,3483700,59.19173812866211,USD
2023-09-29,59.3705297461826,59.86928245208816,59.01293163770976,59.20114135742188,3330500,59.20114135742188,USD
2023-10-02,58.79650041146857,59.05999190415033,57.58255130909501,58.05307388305664,3259500,58.05307388305664,USD
2023-10-03,57.488439839943176,57.68605843061261,56.18979672019784,56.70737075805664,3797500,56.70737075805664,USD
2023-10-04,56.61326694625168,56.707370010147855,55.51224602149887,56.46269989013672,3456700,56.46269989013672,USD
2023-10-05,55.982771822242526,56.88617421221166,55.93571669771751,56.7356071472168,3632300,56.7356071472168,USD
2023-10-06,56.29330852350997,57.9871887125916,56.0580472864208,57.70487594604492,3938400,57.70487594604492,USD
2023-10-09,57.43197867601408,58.32597219806284,57.35669693815631,58.25069046020508,3180900,58.25069046020508,USD
2023-10-10,58.34479464376752,59.16350285378549,58.34479464376752,58.5141830444336,3089900,58.5141830444336,USD
2023-10-11,58.84354589403835,59.42699641035291,58.42007849290299,59.14468002319336,3143000,59.14468002319336,USD
2023-10-12,59.37994430110912,59.43640829936851,58.175407723326025,58.7964973449707,2617200,58.7964973449707,USD
2023-10-13,59.408174468387394,59.86928452838167,58.269507240050416,58.4012565612793,3012900,58.4012565612793,USD
2023-10-16,59.04117693503869,60.20807096301596,58.76827296776242,59.615211486816406,2619900,59.615211486816406,USD
2023-10-17,59.257606549737126,60.89502288783208,59.257606549737126,60.17041778564453,4090700,60.17041778564453,USD
2023-10-18,59.69989532623377,59.91633525205069,58.94706002126146,59.361122131347656,2979600,59.361122131347656,USD
2023-10-19,59.21996200529132,59.54932631863705,58.04365575791115,58.26950454711914,3990600,58.26950454711914,USD
2023-10-20,58.19422497862957,58.27891917518338,56.20861938482516,56.575626373291016,4589900,56.575626373291016,USD
2023-10-23,56.39682870401048,56.45329269790781,54.99467003554268,55.041725158691406,8494700,55.041725158691406,USD
2023-10-24,55.31462677041524,55.81338308689995,55.173472167102254,55.719276428222656,5061800,55.719276428222656,USD
2023-10-25,55.79455917834959,56.24626034973331,55.2487513526348,55.484012603759766,3735500,55.484012603759766,USD
2023-10-26,55.49342882905119,56.47211297188061,55.46519503593544,56.08628463745117,3139400,56.08628463745117,USD
2023-10-27,56.02981801524248,56.21802772599317,54.49591371885659,54.853511810302734,4686900,54.853511810302734,USD
2023-10-30,55.46519561333665,56.12392788599618,55.032315738944014,55.91689682006836,3133600,55.91689682006836,USD
2023-10-31,56.08627864041905,56.528570923985775,55.74750546747188,56.47210693359375,2713000,56.47210693359375,USD
2023-11-01,56.46269950443915,56.78265494522304,55.69104289839596,56.443878173828125,4322600,56.443878173828125,USD
2023-11-02,56.45328919326474,58.589458110972345,55.70986280721052,56.47210693359375,4566800,56.47210693359375,USD
2023-11-03,57.50726511578655,58.72121412426148,57.50726511578655,58.11894226074219,4119200,58.11894226074219,USD
2023-11-06,58.10953068618721,58.118939556987925,56.227440623476696,56.86735153198242,4459500,56.86735153198242,USD
2023-11-07,56.60385701815054,56.97086398621069,56.19920738931455,56.50975036621094,4113300,56.50975036621094,USD
2023-11-08,56.462287923673024,56.82300967694052,55.90222136774151,56.33888244628906,3597700,56.33888244628906,USD
2023-11-09,56.70910289220449,56.96540130167912,56.23447030684381,56.30091857910156,2781300,56.30091857910156,USD
2023-11-10,56.69011265273909,57.47800079887229,56.43381064245703,57.42104721069336,3183800,57.42104721069336,USD
2023-11-13,57.23119335317801,58.14248697381185,57.20271293798642,57.3925666809082,3473200,57.3925666809082,USD
2023-11-14,58.11400913302234,59.60435501320181,58.05705192482404,59.24363327026367,3880600,59.24363327026367,USD
2023-11-15,59.39551585822572,59.70877507326889,58.60762772360373,58.68356704711914,3187600,58.68356704711914,USD
2023-11-16,58.56966367791826,59.07277307612383,58.48422966490606,58.88291931152344,3748600,58.88291931152344,USD
2023-11-17,59.32906716410401,59.62334064085516,59.09175089544759,59.37652969360352,4120800,59.37652969360352,USD
2023-11-20,59.044292137330345,59.78471778406131,58.71204716729429,59.33856201171875,3471500,59.33856201171875,USD
2023-11-21,59.16769786262006,59.547401745592566,58.98733516863592,59.09175491333008,4447100,59.09175491333008,USD
2023-11-22,59.19617806015632,59.89863227566453,58.99683323855204,59.77523040771485,2614400,59.77523040771485,USD
2023-11-24,59.98406200991345,60.714996591491925,59.92710841989376,60.32579803466797,1614400,60.32579803466797,USD
2023-11-27,60.06949631491238,60.14543926352852,59.62334416584938,60.012542724609375,2903600,60.012542724609375,USD
2023-11-28,59.97457113684471,60.40174116910468,59.69928338037061,59.98406219482422,2833400,59.98406219482422,USD
2023-11-29,60.24985897372125,60.80043448740418,59.93659974259288,59.95558547973633,4413000,59.95558547973633,USD
2023-11-30,60.11696601075642,60.53464138927935,59.822692499267504,60.4017448425293,6240800,60.4017448425293,USD
2023-12-01,60.17390800285207,60.923828224824405,60.059997216336846,60.5251350402832,4229100,60.5251350402832,USD
2023-12-04,60.11696551348563,61.29405230738613,59.87015453914053,61.27507019042969,4201800,61.27507019042969,USD
2023-12-05,60.876369773165145,61.17064688627649,60.620071376396574,60.724491119384766,3112400,60.724491119384766,USD
2023-12-06,60.99028058196646,61.61679900277854,60.18340672311994,60.31630325317383,3185400,60.31630325317383,USD
2023-12-07,60.45869079079832,60.64854452835844,59.984058257477415,60.240360260009766,4924100,60.240360260009766,USD
2023-12-08,60.25934929911658,61.161151886092135,60.15492955667659,60.83839797973633,3317400,60.83839797973633,USD
2023-12-11,61.00926957432769,62.04397238046765,60.91434450534788,61.64528274536133,3424300,61.64528274536133,USD
2023-12-12,61.74019975757357,62.08193575516098,61.53136028767931,61.8920783996582,2902100,61.8920783996582,USD
2023-12-13,61.89207818822326,62.92678085580529,61.6642566047158,62.86982727050781,3961400,62.86982727050781,USD
2023-12-14,63.60075772772687,64.28422971581057,63.35394678929276,63.50583267211914,4340500,63.50583267211914,USD
2023-12-15,62.99323654174805,63.67670861511967,62.67048262162548,62.99323654174805,8619500,62.99323654174805,USD
2023-12-18,63.31597618646006,63.31597618646006,61.6737516992155,61.91106796264648,5875400,61.91106796264648,USD
2023-12-19,62.10092499541376,63.334972599672845,61.9680284524712,63.03120803833008,4354900,63.03120803833008,USD
2023-12-20,62.61352207455327,63.17359222225556,61.86360181303325,61.91106796264648,3491700,61.91106796264648,USD
2023-12-21,61.99649790020845,62.43315895273753,61.81614246605969,62.26229095458984,3018900,62.26229095458984,USD
2023-12-22,62.3287503395843,62.9932330168924,62.224330598533314,62.51860046386719,2553600,62.51860046386719,USD
2023-12-26,62.47113395434482,62.93627906811818,62.328749983106,62.87931823730469,1641700,62.87931823730469,USD
2023-12-27,62.5850484379697,62.86983086537593,62.29077857401644,62.67047882080078,1702300,62.67047882080078,USD
2023-12-28,62.48063254607457,63.05019019365251,62.48063254607457,62.926788330078125,1546200,62.926788330078125,USD
2023-12-29,62.93627910040279,63.10714710829499,62.53758225377568,62.774898529052734,1789000,62.774898529052734,USD
2024-01-02,62.83186248064892,64.24626552370219,62.77490164697706,63.93300628662109,3913800,63.93300628662109,USD
2024-01-03,63.50583642325714,64.17981377289503,63.17359508784663,63.71467590332031,3471000,63.71467590332031,USD
2024-01-04,63.73366135714688,64.88227131534309,63.73366135714688,64.06590270996094,3234400,64.06590270996094,USD
2024-01-05,64.05641815484618,65.44234446202181,63.93300904516431,65.42335510253906,4089900,65.42335510253906,USD
2024-01-08,65.49928243960656,66.2112311617762,65.32841445659318,65.9928970336914,4609800,65.9928970336914,USD
2024-01-09,65.50879269168368,65.74610898882842,64.82532059713584,65.70813751220703,4806100,65.70813751220703,USD
2024-01-10,65.87900557582287,66.15429334975607,65.40437298124536,65.7840805053711,3268100,65.7840805053711,USD
2024-01-11,65.5942231221489,65.99291276343754,65.24299963724548,65.7840805053711,3505200,65.7840805053711,USD
2024-01-12,66.14479506086965,66.43906493590912,65.29045498878288,65.33792114257812,3566100,65.33792114257812,USD
2024-01-16,64.69241709008647,64.88226721044948,64.05641122032071,64.75886535644531,4068100,64.75886535644531,USD
2024-01-17,64.33169613783731,65.08161647668564,63.86655824139865,63.989967346191406,3556100,63.989967346191406,USD
2024-01-18,63.98996323272175,64.4361117417502,63.8001058692138,64.28423309326172,3354500,64.28423309326172,USD
2024-01-19,64.73987931204215,65.53726579147188,64.30321821900705,65.3948745727539,4441900,65.3948745727539,USD
2024-01-22,65.40436513280905,66.49602141780376,65.20502033608584,65.97392272949219,4297000,65.97392272949219,USD
2024-01-23,66.0973245574855,66.5244981865775,65.67965284930918,65.93595123291016,3031100,65.93595123291016,USD
2024-01-24,66.38211457469377,66.62892555026356,66.07835000565349,66.1447982788086,4346200,66.1447982788086,USD
2024-01-25,66.69536950367163,66.84724815719554,66.1068225207609,66.81877136230469,3345100,66.81877136230469,USD
2024-01-26,67.08456784202126,67.2839126586914,66.942176618023,67.2839126586914,3397300,67.2839126586914,USD
2024-01-29,67.03710943588972,67.2934078471701,66.35363734938394,66.79029846191406,3762100,66.79029846191406,USD
2024-01-30,66.6858669151688,67.31238529773036,66.51499892377177,67.21745300292969,3672200,67.21745300292969,USD
2024-01-31,67.23644710285333,67.39782042769295,65.74610122252523,65.80305480957031,6252800,65.80305480957031,USD
2024-02-01,62.793892264645486,63.87605397596972,61.569339329764176,62.03447723388672,9465700,62.03447723388672,USD
2024-02-02,62.27178927173971,62.97424341969785,61.47441006200096,62.60403060913086,4792900,62.60403060913086,USD
2024-02-05,62.029951776593904,63.33121307373358,61.81945255207484,62.967620849609375,5283500,62.967620849609375,USD
2024-02-06,62.938915237057465,63.55127261140161,62.82410279179026,63.111141204833984,3739300,63.111141204833984,USD
2024-02-07,63.40775004865293,64.5176523572152,63.16854772007062,64.1062240600586,4684400,64.1062240600586,USD
2024-02-08,63.9148668549852,64.0488195786434,63.32164243601606,63.86702346801758,3321900,63.86702346801758,USD
2024-02-09,63.63738611785833,64.74728106685949,63.53213651495192,64.58462524414062,5121300,64.58462524414062,USD
2024-02-12,64.82382882956078,66.23990977829936,64.6707358405618,65.58927917480469,5088400,65.58927917480469,USD
2024-02-13,64.97692628915547,65.74236938718852,64.14449952892008,64.90994262695312,5071000,64.90994262695312,USD
2024-02-14,65.29266908692976,65.92416677238248,65.13958338431695,65.39791870117188,3704900,65.39791870117188,USD
2024-02-15,65.76150868763222,66.93838007962452,65.76150868763222,66.5365219116211,4044400,66.5365219116211,USD
2024-02-16,66.2207726095323,66.85227026894795,65.77107105810768,65.79977416992188,3575800,65.79977416992188,USD
2024-02-20,65.2256890589904,66.34515420226482,65.2256890589904,65.65625762939453,3271800,65.65625762939453,USD
2024-02-21,65.85719087573425,66.0389796926337,65.30223968759103,65.96244049072266,4181200,65.96244049072266,USD
2024-02-22,66.02941764298583,66.51738517298276,65.7710750213392,65.88589477539062,3137100,65.88589477539062,USD
2024-02-23,65.98158726613336,66.86185032116312,65.86676748943819,66.33560943603516,4144500,66.33560943603516,USD
2024-02-26,66.09639617153054,66.49825437405084,65.3692189718201,65.6084213256836,2814300,65.6084213256836,USD
2024-02-27,65.56056325181542,66.29731042464168,65.13957216721818,66.17292785644531,2604100,66.17292785644531,USD
2024-02-28,66.11552161899955,66.7852925134732,65.94329565183499,66.34515380859375,2447000,66.34515380859375,USD
2024-02-29,66.73745252277085,67.09147461213735,66.36429745824653,66.7278823852539,6165600,66.7278823852539,USD
2024-03-01,66.73745572998357,67.06276742243277,66.24948089143334,66.71832275390625,2817300,66.71832275390625,USD
2024-03-04,66.35472290947308,67.03405663049318,66.27817641417842,66.89054107666016,3228400,66.89054107666016,USD
2024-03-05,66.49824725300661,68.09611705373457,66.34515425898739,67.42635345458984,3615800,67.42635345458984,USD
2024-03-06,67.91431924865492,68.33531032666951,67.27325154599387,67.97172546386719,3040100,67.97172546386719,USD
2024-03-07,68.32576409746208,69.01466074707166,68.22051447740856,68.28749084472656,2576700,68.28749084472656,USD
2024-03-08,69.21557809755716,69.3591009459788,67.78993434961968,67.8569107055664,3457800,67.8569107055664,USD
2024-03-11,67.59857746235319,68.64149607932718,67.31153175683025,68.61279296875,2079200,68.61279296875,USD
2024-03-12,68.69890805025751,68.99551658602992,68.29704261161785,68.59365844726562,2357800,68.59365844726562,USD
2024-03-13,68.74675054595613,69.75140328645251,68.56496173282066,69.53133392333984,3203100,69.53133392333984,USD
2024-03-14,68.9955152471236,69.52176325187085,68.2779083133093,68.79458618164062,4015000,68.79458618164062,USD
2024-03-15,68.44057111565921,69.45478668296548,68.44057111565921,69.263427734375,5858600,69.263427734375,USD
2024-03-18,69.39737889068681,69.53133161164936,69.03379397662785,69.41651916503906,3341000,69.41651916503906,USD
2024-03-19,69.56004872809838,69.84709450216779,69.06251099290566,69.27301025390625,3286600,69.27301025390625,USD
2024-03-20,69.00508687473236,70.38288725351481,68.6032214352069,70.1915283203125,2755400,70.1915283203125,USD
2024-03-21,70.44030444460927,70.81345949371476,70.0288761468935,70.10541534423828,3002600,70.10541534423828,USD
2024-03-22,70.29678086376863,70.70820915724983,69.46435413978323,69.49305725097656,2724700,69.49305725097656,USD
2024-03-25,69.37824268363195,70.29677871309552,69.37824268363195,69.94275665283203,2591100,69.94275665283203,USD
2024-03-26,69.6557300411647,70.21067396757577,69.61745678764036,69.90449523925781,2713200,69.90449523925781,USD
2024-03-27,70.32548254992702,70.77518408251208,70.11498333894035,70.72734069824219,2526400,70.72734069824219,USD
2024-03-28,70.90913391113281,71.18660946887296,70.69863470871786,70.90913391113281,2591700,70.90913391113281,USD
2024-04-01,70.86130087308561,70.96655048965734,70.10542058128698,70.50728607177734,2219400,70.50728607177734,USD
2024-04-02,70.32549690818358,70.81347178783858,70.01931816602058,70.0671615600586,2354400,70.0671615600586,USD
2024-04-03,69.94275454033067,70.83258743260316,69.94275454033067,70.3924560546875,2003000,70.3924560546875,USD
2024-04-04,70.98568121282305,71.45451570544864,69.6557169277089,69.9714584350586,2894500,69.9714584350586,USD
2024-04-05,70.08628365965063,70.631664687601,69.6939883290828,70.4211654663086,1830600,70.4211654663086,USD
2024-04-08,70.4785713534352,70.81345312380668,70.19152566461672,70.5933837890625,2055100,70.5933837890625,USD
2024-04-09,70.86129696421442,70.96654657498034,69.12947440504486,69.73226165771484,2373300,69.73226165771484,USD
2024-04-10,69.08163700829425,69.21558974272455,68.23964734903574,68.80416870117188,2585300,68.80416870117188,USD
2024-04-11,68.48840597356812,68.52667921849506,67.21584795427867,67.91432189941406,4251800,67.91432189941406,USD
2024-04-12,67.52203929731857,68.23964634977692,66.73745587862584,67.11061096191406,2744600,67.11061096191406,USD
2024-04-15,68.14396110047582,68.57452237554969,66.25904556761199,66.44084167480469,2722400,66.44084167480469,USD
2024-04-16,66.56523067123786,66.63220703825424,65.74237399082139,65.95287322998047,3330300,65.95287322998047,USD
2024-04-17,66.3164610731656,66.67048319991474,65.61799425807163,65.94330596923828,2650900,65.94330596923828,USD
2024-04-18,66.41214707268273,67.12018401792439,66.33560056512233,66.92881774902344,2823600,66.92881774902344,USD
2024-04-19,67.18715936821137,68.23007814336844,67.00536324048149,68.0387191772461,3346100,68.0387191772461,USD
2024-04-22,68.507545438378,69.30169892115312,67.9047581983729,68.85199737548828,2846000,68.85199737548828,USD
2024-04-23,69.11034681041681,69.4643616197562,68.91898054872858,69.10077667236328,2106200,69.10077667236328,USD
2024-04-24,68.7754466565059,69.61744347325534,68.56495475219384,69.57917022705078,2073800,69.57917022705078,USD
2024-04-25,69.29212377714012,69.61744271640438,67.92388626467249,68.79458618164062,2918500,68.79458618164062,USD
2024-04-26,68.45970870830119,68.56495831586524,67.10103394698606,67.37850952148438,5650600,67.37850952148438,USD
2024-04-29,67.56986967005459,68.65106145951069,67.49332318056875,68.60321807861328,3559300,68.60321807861328,USD
2024-04-30,68.22050898879654,68.689343522303,68.00043962824193,68.010009765625,2534500,68.010009765625,USD
2024-05-01,68.03871169177543,69.56960515195857,67.98130546822976,68.77545166015625,4192600,68.77545166015625,USD
2024-05-02,69.27300303701378,69.50263525241975,65.12044638411187,67.20629119873047,6294000,67.20629119873047,USD
2024-05-03,67.25413530804371,67.70383690543167,66.20164640132015,67.47419738769531,3361200,67.47419738769531,USD
2024-05-06,67.80686473307613,68.67470150767333,67.65258672688718,68.6457748413086,3153900,68.6457748413086,USD
2024-05-07,68.99290879440355,69.29182748586852,68.68434542867911,68.71327209472656,3146700,68.71327209472656,USD
2024-05-08,68.7518338482327,69.39788715564293,68.58790383560405,69.09896850585938,2549500,69.09896850585938,USD
2024-05-09,68.91575807158723,70.25608072473582,68.91575807158723,69.94751739501953,2774000,69.94751739501953,USD
2024-05-10,70.15001929639845,70.30430465700968,69.85110060612783,70.1307373046875,2294300,70.1307373046875,USD
2024-05-13,70.22715443589264,70.61286043927369,69.75466108730404,69.8221664428711,1936700,69.8221664428711,USD
2024-05-14,69.90895304430649,70.73821845516362,69.88967105284202,70.69000244140625,2409400,70.69000244140625,USD
2024-05-15,70.79607040535069,71.1624944466053,70.31393970410465,70.51643371582031,2331900,70.51643371582031,USD
2024-05-16,70.87321072165119,71.36498608042064,70.73821471833887,70.84428405761719,2846400,70.84428405761719,USD
2024-05-17,71.12392263523672,71.60605333328004,70.79606993506734,71.5674819946289,2496400,71.5674819946289,USD
2024-05-20,71.67355003072092,71.78925668783535,70.1885866249984,70.2850112915039,3033100,70.2850112915039,USD
2024-05-21,70.33322489537385,70.77678423149906,69.90894754919746,69.9957275390625,2161800,69.9957275390625,USD
2024-05-22,69.77395643102429,71.0757078671872,69.76431175700998,70.26573181152344,3185600,70.26573181152344,USD
2024-05-23,69.96679892562538,70.05358626980168,68.84825962151443,69.08932495117188,3410900,69.08932495117188,USD
2024-05-24,69.44609738627426,70.11144005464661,69.37859938779664,69.94751739501953,3029300,69.94751739501953,USD
2024-05-28,69.94752863556207,69.95717331024593,67.8550829897704,68.44328308105469,3464300,68.44328308105469,USD
2024-05-29,67.84543422493913,68.26971160467593,67.43080151930474,67.92257690429688,1872300,67.92257690429688,USD
2024-05-30,67.83579325277353,68.6843480585545,67.5658012170182,68.56863403320312,1936800,68.56863403320312,USD
2024-05-31,68.60719977371366,70.593575894653,68.51077510549216,69.78359985351562,5145500,69.78359985351562,USD
2024-06-03,69.81253320618859,69.90895788364735,68.21185560479404,68.8675537109375,3178100,68.8675537109375,USD
2024-06-04,68.22148802604954,68.88683068745365,67.14151270498822,67.79721069335938,3093100,67.79721069335938,USD
2024-06-05,67.78757876745982,68.10577943555045,66.95831338220302,67.8165054321289,2317800,67.8165054321289,USD
2024-06-06,67.81650190618825,68.13470991446509,67.315081888892,67.536865234375,1649700,67.536865234375,USD
2024-06-07,67.47901841232222,68.18292513962369,67.38258638350314,67.54651641845703,2387100,67.54651641845703,USD
2024-06-10,67.18008118166128,67.86470580326832,66.74616655113262,67.75863647460938,2694200,67.75863647460938,USD
2024-06-11,67.36330047302592,67.43079847523414,66.21582707875564,66.59188842773438,3044900,66.59188842773438,USD
2024-06-12,67.06437889698822,67.25722822159821,66.10011756047784,66.55331420898438,3065200,66.55331420898438,USD
2024-06-13,66.37975200813608,66.37975200813608,65.60834729330331,66.20619201660156,3234400,66.20619201660156,USD
2024-06-14,65.64691651873792,66.1483291993973,65.20335716672719,66.1001205444336,2302400,66.1001205444336,USD
2024-06-17,66.32189630554173,66.94866767167849,65.73369627727666,66.90045166015625,2533600,66.90045166015625,USD
2024-06-18,66.79437850360223,67.57543517659668,66.45688851242194,67.36329650878906,2960400,67.36329650878906,USD
2024-06-20,67.35364797449726,68.44326791363892,67.09330066957746,68.31790924072266,2875800,68.31790924072266,USD
2024-06-21,68.32755707865707,68.84825906934871,68.01899375343942,68.722900390625,8291200,68.722900390625,USD
2024-06-24,69.14719076065707,69.90895822271928,68.64577802140073,69.54254150390625,2783000,69.54254150390625,USD
2024-06-25,69.3882418244489,69.52323781705304,68.67469052686565,68.85790252685547,2431200,68.85790252685547,USD
2024-06-26,68.510779944752,68.78077197753535,67.44044913141005,68.6361312866211,2959200,68.6361312866211,USD
2024-06-27,68.46255642640283,68.76147509326582,67.9322097367456,68.32756042480469,2540900,68.32756042480469,USD
2024-06-28,68.32757200853847,68.72291540689072,67.44045317428953,67.6815185546875,6497600,67.6815185546875,USD
2024-07-01,68.21184900620544,68.49148569349667,66.92938694227549,67.38258361816406,3602600,67.38258361816406,USD
2024-07-02,67.00651855391361,67.73935923326111,67.00651855391361,67.536865234375,3417400,67.536865234375,USD
2024-07-03,67.77793158907465,68.46255626895659,67.52722157665596,67.65258026123047,2244200,67.65258026123047,USD
2024-07-05,67.52721635968484,67.67185702324147,66.88116306675893,67.01615905761719,2038400,67.01615905761719,USD
2024-07-08,67.17044765627821,67.72007631910458,66.89081098828163,66.92938232421875,2126000,66.92938232421875,USD
2024-07-09,66.94866421724898,68.05756621446892,66.78474155730024,67.42115020751953,3458100,67.42115020751953,USD
2024-07-10,67.71042704790307,69.08932094791537,67.43079039889585,69.06039428710938,3937900,69.06039428710938,USD
2024-07-11,69.33040264857318,69.88967607876161,69.07004792633003,69.85110473632812,3317100,69.85110473632812,USD
2024-07-12,70.13073455378105,71.1432046053368,69.85109786619024,70.76714324951172,3916700,70.76714324951172,USD
2024-07-15,70.91178172780998,72.24245976426742,70.78643039867173,71.76997375488281,2359800,71.76997375488281,USD
2024-07-16,71.88568586422366,72.98494320366038,71.69282918211974,72.95601654052734,2745200,72.95601654052734,USD
2024-07-17,73.01387623547666,74.14206033645301,73.01387623547666,73.45743560791016,2814300,73.45743560791016,USD
2024-07-18,73.31278244078442,74.15169238563662,72.49316184090605,72.6956558227539,2121900,72.6956558227539,USD
2024-07-19,73.03315772971631,73.03315772971631,71.84712030550338,72.10746765136719,2138800,72.10746765136719,USD
2024-07-22,72.38710271888539,72.63781274178342,71.68318866269384,72.551025390625,3365600,72.551025390625,USD
2024-07-23,72.36782685761182,72.7342435707831,72.26175750650648,72.50282287597656,2071200,72.50282287597656,USD
2024-07-24,72.5895834457817,73.07171405565722,71.80853421193673,71.85674285888672,2685000,71.85674285888672,USD
2024-07-25,72.31959525717451,73.93955448520441,72.28102392356313,72.62815856933594,4515600,72.62815856933594,USD
2024-07-26,72.83066284426451,73.6695729162089,72.40638547131829,73.28386688232422,2397100,73.28386688232422,USD
2024-07-29,73.28386561917944,73.51528629282912,72.55102490310307,72.8017349243164,1946700,72.8017349243164,USD
2024-07-30,73.27421651814355,74.36383653100631,73.21636319240928,74.0070571899414,2438800,74.0070571899414,USD
2024-07-31,74.24812578484233,74.7302564717569,73.73706843378977,74.10348510742188,3811000,74.10348510742188,USD
2024-08-01,75.80058532455412,76.50449199040139,72.61851992633662,73.07172393798828,5391100,73.07172393798828,USD
2024-08-02,71.86640336466199,72.09782404850493,67.19938156405307,68.03828430175781,6766300,68.03828430175781,USD
2024-08-05,66.44726470878263,66.63046939454844,64.89480307691429,65.53121185302734,5620500,65.53121185302734,USD
2024-08-06,65.8860039878274,67.32465121168526,65.57494613080466,66.68309020996094,4156100,66.68309020996094,USD
2024-08-07,67.3440825717893,68.23837289723691,66.70252904829987,66.80945587158203,3642300,66.80945587158203,USD
2024-08-08,67.23716013141397,67.98564794317993,67.11079543029949,67.70375061035156,2496200,67.70375061035156,USD
2024-08-09,67.70375079827608,68.21893966390121,67.48017449361781,68.17033386230469,2018000,68.17033386230469,USD
2024-08-12,68.56888437581661,68.99659172112827,67.74263761745003,67.89816284179688,3136000,67.89816284179688,USD
2024-08-13,68.36475382078724,68.7438553645014,67.90788595625875,68.44252014160156,3790500,68.44252014160156,USD
2024-08-14,68.43279879033693,69.48262189255082,67.90788723922998,69.19100189208984,3614700,69.19100189208984,USD
2024-08-15,69.98808376485555,70.43522896563094,69.5603764353294,69.72563171386719,3970600,69.72563171386719,USD
2024-08-16,69.8617161095779,71.0379037998768,69.76450450882608,71.00874328613281,5904100,71.00874328613281,USD
2024-08-19,70.8532220931587,71.47533787411571,70.79490105625807,71.20316314697266,3879700,71.20316314697266,USD
2024-08-20,70.97957029652856,71.1351029136815,70.37689994556939,70.68795776367188,2554100,70.68795776367188,USD
2024-08-21,70.90181614469864,71.01845819915873,70.3866272942896,70.77544403076172,2012900,70.77544403076172,USD
2024-08-22,70.75601439123547,71.8252753733252,70.75601439123547,71.78639221191406,2772500,71.78639221191406,USD
2024-08-23,72.23353479656153,72.97230000388882,71.92247693287706,72.2626953125,2629900,72.2626953125,USD
2024-08-26,72.63208190342509,73.21531447304955,72.3987903588162,72.65151977539062,1633900,72.65151977539062,USD
2024-08-27,72.87509241033763,73.28335444682817,72.54458927398521,72.92369079589844,1781100,72.92369079589844,USD
2024-08-28,72.91397328869127,73.9735115049599,72.90425064540146,73.63329315185547,2554600,73.63329315185547,USD
2024-08-29,73.98322921411399,74.72199431458762,73.19586573284023,74.58590698242188,2319600,74.58590698242188,USD
2024-08-30,74.79976795967708,75.52881056129657,74.37206800974629,75.3149642944336,4644800,75.3149642944336,USD
2024-09-03,74.79005662175068,75.64546398231369,74.49843659945145,75.58714294433594,3048100,75.58714294433594,USD
2024-09-04,75.86903236711073,76.33561545442447,74.8969756163019,75.35383605957031,3128800,75.35383605957031,USD
2024-09-05,75.82042808693086,75.92735492496521,74.08044557806828,74.44010925292969,2946200,74.44010925292969,USD
2024-09-06,74.19709948227569,74.79976996943621,71.75723476676289,72.00997161865234,4991200,72.00997161865234,USD
2024-09-09,72.62236172966271,73.55553535604558,72.07801230165722,73.370849609375,3924000,73.370849609375,USD
2024-09-10,73.37084799548936,73.60413954290235,71.75723020338847,72.54459381103516,3087100,72.54459381103516,USD
2024-09-11,72.5154324230184,72.73900873974677,71.02818677480447,72.65151977539062,2244200,72.65151977539062,USD
2024-09-12,72.78760480788281,73.4486036767111,71.99051859101966,73.36112213134766,2664900,73.36112213134766,USD
2024-09-13,73.63330488958157,74.2359827941552,73.59442172642794,74.0610122680664,2235800,74.0610122680664,USD
2024-09-16,74.72199935482291,75.28578659059451,74.1290441891597,75.21774291992188,2572600,75.21774291992188,USD
2024-09-17,75.35383278636418,76.345334782195,75.18858492579375,76.09259796142578,3040500,76.09259796142578,USD
2024-09-18,76.36478558644559,77.40488614413553,76.00512928972815,77.03550720214844,4774900,77.03550720214844,USD
2024-09-19,78.00754972796112,79.11569376631434,77.31739036486071,78.8240737915039,4445300,78.8240737915039,USD
2024-09-20,78.73659215275472,78.77547531042897,78.29916960727658,78.59078216552734,8989800,78.59078216552734,USD
2024-09-23,78.83379769959163,79.56284023210858,78.82407505595424,79.1837387084961,3272200,79.1837387084961,USD
2024-09-24,79.22262019307821,79.46563436544962,77.72565200132588,78.20195770263672,4957400,78.20195770263672,USD
2024-09-25,78.49358647508829,79.04765855355836,78.28945543735772,78.4838638305664,2560300,78.4838638305664,USD
2024-09-26,78.89212624650378,79.67948980944767,78.8824036028539,79.26150512695312,2150600,79.26150512695312,USD
2024-09-27,79.75725488698829,80.67098313836657,79.48507278245012,80.17523956298828,3296700,80.17523956298828,USD
2024-09-30,80.16551691948948,80.40853109353125,79.37815336877946,80.17523956298828,2587700,80.17523956298828,USD
2024-10-01,79.85446807026142,80.04887646491646,78.44498125229528,79.49480438232422,2380500,79.49480438232422,USD
2024-10-02,79.65032658653628,80.57377746436377,79.39758977366198,79.5045166015625,1879100,79.5045166015625,USD
2024-10-03,79.28094668366049,79.52396087277539,78.21168573479582,78.98933410644531,2082800,78.98933410644531,USD
2024-10-04,80.57378364172749,81.90550406282159,80.3599299695309,81.691650390625,4905700,81.691650390625,USD
2024-10-07,81.60415306346104,81.64303621953053,80.43768804619111,80.68070220947266,3624300,80.68070220947266,USD
2024-10-08,81.15701187660694,81.41947133890807,80.42796935097682,80.952880859375,2572500,80.952880859375,USD
2024-10-09,80.97233264007032,82.69286987540667,80.62239160640789,82.17768096923828,4216400,82.17768096923828,USD
2024-10-10,82.33320680873106,82.57622100523406,81.4972373794644,81.68193054199219,3128700,81.68193054199219,USD
2024-10-11,82.13879555498335,83.56772016720713,82.13879555498335,83.12057495117188,2587100,83.12057495117188,USD
2024-10-14,83.17889701505621,83.56772120397297,82.8095181144978,83.48023223876953,1459900,83.48023223876953,USD
2024-10-15,83.6940878827409,84.52033466850209,83.14001581076413,83.26638793945312,2446300,83.26638793945312,USD
2024-10-16,83.45107332271242,83.91766384160088,82.52762234550583,82.79979705810547,2828600,82.79979705810547,USD
2024-10-17,83.45107271304168,83.62604322932098,82.91644593611386,83.29554748535156,1969400,83.29554748535156,USD
2024-10-18,83.4802243019721,83.5579906156028,82.55677343026996,82.93587493896484,2359300,82.93587493896484,USD
2024-10-21,82.94560483751026,83.14001322238818,82.28460594623905,82.46929168701172,2592300,82.46929168701172,USD
2024-10-22,82.35264490548093,82.6734253967395,81.63332502318924,82.38180541992188,1904900,82.38180541992188,USD
2024-10-23,82.05131879380163,82.24572718908729,81.36115193326627,81.77913665771484,1687600,81.77913665771484,USD
2024-10-24,81.90550424281139,82.1290731433595,81.47779689747831,82.0027084350586,1679900,82.0027084350586,USD
2024-10-25,82.17768457463383,82.18740721938563,79.73781987627753,80.08776092529297,3114400,80.08776092529297,USD
2024-10-28,80.88483795159952,81.33198314826853,80.65154641772963,80.7681884765625,2698400,80.7681884765625,USD
2024-10-29,80.41825296787412,81.30282069649964,80.32104136622395,80.51545715332031,3121000,80.51545715332031,USD
2024-10-30,80.72931766286212,81.60416282233362,80.49601869854543,80.85568237304688,2737700,80.85568237304688,USD
2024-10-31,74.43038753675354,76.95773368792352,73.95408178988265,76.22869110107422,7360300,76.22869110107422,USD
2024-11-01,76.25784882151348,77.4923650430488,76.0537177946259,76.23841094970703,2661000,76.23841094970703,USD
2024-11-04,76.48141845118924,76.68554946023377,75.86902542405564,76.3647689819336,2427400,76.3647689819336,USD
2024-11-05,76.50671591899,77.21147976971695,75.80194460025011,76.4969253540039,3020600,76.4969253540039,USD
2024-11-06,80.26548496738926,82.135087043349,79.70754226084865,81.48904418945312,9211500,81.48904418945312,USD
2024-11-07,80.63744644566563,81.51841060278771,79.24748492443578,79.30621337890625,4769500,79.30621337890625,USD
2024-11-08,79.74669919147381,79.8347918731795,78.58186839105609,79.30621337890625,3642800,79.30621337890625,USD
2024-11-11,79.84457775618408,81.39115835599452,79.84457775618408,80.04034423828125,3988500,80.04034423828125,USD
2024-11-12,80.06971733412425,80.82342651821244,79.98161718802875,80.46125030517578,2449800,80.46125030517578,USD
2024-11-13,80.37315721351325,81.10729273247628,80.21653805148839,80.2850570678711,2366600,80.2850570678711,USD
2024-11-14,80.8038605698677,81.7141890036806,80.5493581399809,80.85279846191406,2737400,80.85279846191406,USD
2024-11-15,80.6863881773863,82.03719484559905,80.6863881773863,81.56735229492188,4393100,81.56735229492188,USD
2024-11-18,81.57713465399337,82.01762044278496,81.28348492947828,81.60650634765625,1883400,81.60650634765625,USD
2024-11-19,80.56892550899272,81.25412315623379,79.86415420006493,80.88215637207031,2402800,80.88215637207031,USD
2024-11-20,81.36180332168765,81.48905080262432,80.47104855109059,80.85279846191406,2513400,80.85279846191406,USD
2024-11-21,81.40094919250073,83.62292939057988,81.24433003188959,83.38800811767578,3678100,83.38800811767578,USD
2024-11-22,83.29012124173416,84.95416629375885,82.9964715040919,84.75839233398438,3270100,84.75839233398438,USD
2024-11-25,85.06183544149201,85.78618038291614,84.79754247728842,85.49252319335938,4118700,85.49252319335938,USD
2024-11-26,85.1890865013373,86.0211052828328,84.5332605474066,85.90364837646484,3073400,85.90364837646484,USD
2024-11-27,86.0113261882994,87.16636645207947,85.89386180845266,86.38328552246094,2997900,86.38328552246094,USD
2024-11-29,86.35391793115122,86.80418683433997,86.10920608367823,86.36370849609375,1649500,86.36370849609375,USD
2024-12-02,86.68672314302235,86.71608737006873,84.91501174310332,85.0422592163086,3358500,85.0422592163086,USD
2024-12-03,85.3163419452627,85.51210843570927,83.55441365919214,83.90679931640625,3680500,83.90679931640625,USD
2024-12-04,83.71102790925582,84.03404934954915,82.84964486982005,83.57398986816406,2319400,83.57398986816406,USD
2024-12-05,83.76975817316841,84.53325791281618,83.4075819644582,84.06340789794922,3165000,84.06340789794922,USD
2024-12-06,84.16129974582213,84.67029708980053,83.23139026807449,83.41737365722656,1844100,83.41737365722656,USD
2024-12-09,83.63272753015885,83.77954867151435,80.14802557106003,80.53956604003906,4885100,80.53956604003906,USD
2024-12-10,80.53956483312376,80.73533879868617,78.79721761369072,80.010986328125,3914300,80.010986328125,USD
2024-12-11,80.31442453228027,80.31442453228027,78.27842034125219,78.63080596923828,4444500,78.63080596923828,USD
2024-12-12,80.7549073544722,82.88879490207451,80.30463846417241,81.45967864990234,6721800,81.45967864990234,USD
2024-12-13,81.51840948608668,81.64566442638016,80.66681703587861,81.23454284667969,4426900,81.23454284667969,USD
2024-12-16,80.8136371902153,81.20517763527127,80.18717546533091,80.98983001708984,3327400,80.98983001708984,USD
2024-12-17,80.26549241286057,80.51020427997295,79.1887616911688,79.53135681152344,3041800,79.53135681152344,USD
2024-12-18,79.37473481446673,80.06972306424872,77.0548711761151,77.1233901977539,4356200,77.1233901977539,USD
2024-12-19,77.83793488236087,78.91467289883707,77.35830179102932,78.41545867919922,5072500,78.41545867919922,USD
2024-12-20,78.17075925707574,80.57872312804037,77.79879990836226,79.63903045654297,8296400,79.63903045654297,USD
2024-12-23,79.4921895020059,80.06971330083739,79.1495944355867,79.98161315917969,2276900,79.98161315917969,USD
2024-12-24,79.98161441687279,80.69617625350828,79.72711202009697,80.51019287109375,1075900,80.51019287109375,USD
2024-12-26,79.92289546262853,81.10729997617325,79.78585741762424,80.99962615966797,1503400,80.99962615966797,USD
2024-12-27,80.23611681364862,81.37157583278024,80.23611681364862,80.51019287109375,1618000,80.51019287109375,USD
2024-12-30,79.5509217811791,80.36336688352672,79.1495982463408,79.78585052490234,1884300,79.78585052490234,USD
